velocidadLeft velocidadRight pwmLeft pwmRight posLeft posRight ticksSinAct
0.00000 0.00000 50 50 0 0 3
0.04885 0.06280 50 50 9 12 2
0.05362 0.06639 50 50 23 29 3
0.05319 0.06740 50 50 37 47 1
0.05345 0.06682 50 50 52 65 0
0.05407 0.06748 50 50 66 82 4
0.05357 0.06709 50 50 80 100 4
0.05385 0.06910 50 50 94 118 2
0.05363 0.06723 50 50 109 136 1
0.05398 0.06755 50 50 123 154 0
0.05316 0.06692 50 50 137 171 4
0.05397 0.06732 50 50 151 189 3
0.05441 0.06716 50 50 164 207 2
0.05468 0.06717 50 50 178 225 1
0.05407 0.06748 50 50 192 243 0
0.05505 0.06787 50 50 207 260 5
0.05509 0.06818 50 50 221 278 4
0.05516 0.06736 50 50 235 296 3
0.05492 0.06902 50 50 249 314 1
0.05478 0.06739 50 50 264 332 0
0.05355 0.06802 50 50 278 350 0
0.05353 0.06687 50 50 292 368 0
0.05405 0.06748 50 50 306 385 5
0.05424 0.07994 50 50 320 403 4
0.05349 0.06787 50 50 334 421 3
0.05319 0.06828 50 50 347 439 2
0.05390 0.06790 50 50 361 457 2
0.05343 0.06947 50 50 375 475 2
0.05372 0.06750 50 50 389 493 1
0.05363 0.06843 50 50 404 511 1
0.05426 0.06662 50 50 418 529 0
0.05390 0.06719 50 50 432 546 4
0.05416 0.06699 50 50 447 564 3
0.05399 0.06714 50 50 461 582 3
0.05418 0.06753 50 50 475 600 1
0.05390 0.06693 50 50 490 618 0
0.05455 0.06762 50 50 504 635 4
0.05453 0.06696 50 50 519 653 2
0.05485 0.06908 50 50 533 671 0
0.05450 0.06718 50 50 547 688 5
0.05545 0.06936 50 50 560 706 4
0.05462 0.06705 50 50 574 724 3
0.05456 0.06684 50 50 588 742 2
0.05385 0.06557 50 50 601 760 0
0.05407 0.06802 50 50 615 777 5
0.05350 0.06691 50 50 629 795 4
0.05396 0.06741 50 50 643 813 3
0.05392 0.06816 50 50 658 831 2
0.05333 0.06770 50 50 672 849 1
0.05423 0.06872 50 50 686 867 0
0.05377 0.06649 50 50 700 885 5
0.06288 0.06767 50 50 715 902 3
0.05412 0.06738 50 50 729 920 3
0.05440 0.06813 50 50 743 938 2
0.05373 0.06662 50 50 758 956 1
0.05391 0.06741 50 50 772 974 0
0.05408 0.06608 50 50 786 991 5
0.05428 0.06744 50 50 801 1009 3
0.05416 0.06771 50 50 815 1027 2
0.05490 0.06695 50 50 830 1045 0
0.05502 0.06958 50 50 844 1063 0
0.05479 0.06676 50 50 858 1080 4
0.05545 0.06836 50 50 873 1098 3
0.05613 0.06718 50 50 887 1116 1
0.05438 0.06798 50 50 902 1134 0
0.05404 0.06740 50 50 916 1152 5
0.05383 0.06762 50 50 931 1169 4
0.05439 0.06668 50 50 945 1187 4
0.05381 0.06756 50 50 959 1205 4
0.05371 0.06750 50 50 973 1223 3
0.05393 0.06657 50 50 988 1241 1
0.05373 0.06798 50 50 1002 1259 0
0.05389 0.06754 50 50 1016 1276 4
0.05368 0.06918 50 50 1030 1294 4
0.05371 0.06701 50 50 1045 1312 2
0.05299 0.06711 50 50 1059 1330 2
0.05410 0.06624 50 50 1073 1348 0
0.05395 0.06702 50 50 1087 1365 4
0.05390 0.06620 50 50 1102 1383 3
0.05428 0.06695 50 50 1116 1401 1
0.05452 0.06843 50 50 1131 1419 1
0.05467 0.06701 50 50 1145 1437 0
0.05506 0.06727 50 50 1159 1455 4
0.05616 0.06675 50 50 1174 1472 3
0.05537 0.06928 50 50 1188 1490 3
0.05437 0.06713 50 50 1203 1508 2
0.05528 0.06766 50 50 1217 1526 2
0.05431 0.06673 50 50 1232 1544 1
0.05420 0.06754 50 50 1246 1562 0
0.05389 0.06682 50 50 1261 1580 5
0.05400 0.06711 50 50 1275 1597 4
0.05447 0.06738 50 50 1289 1615 3
0.05348 0.06758 50 50 1304 1633 2
0.05396 0.06782 50 50 1318 1651 1
0.05413 0.06690 50 50 1332 1669 0
0.05342 0.06886 50 50 1346 1687 5
0.05287 0.06668 50 50 1359 1704 4
0.05372 0.06708 50 50 1373 1722 2
0.05325 0.06593 50 50 1387 1740 1
0.05361 0.06677 50 50 1402 1758 0
0.05415 0.06705 50 50 1416 1775 5
0.05447 0.06779 50 50 1430 1793 4
0.05454 0.06807 50 50 1444 1811 3
0.05586 0.06674 50 50 1459 1829 1
0.05555 0.06893 50 50 1473 1847 0
0.05444 0.06728 50 50 1488 1865 0
0.05449 0.06847 50 50 1502 1883 5
0.05492 0.06683 50 50 1517 1900 4
0.05416 0.06803 50 50 1531 1918 4
0.05497 0.06689 50 50 1546 1936 3
0.05471 0.06699 50 50 1560 1954 3
0.05483 0.06805 50 50 1574 1972 1
0.05432 0.06773 50 50 1587 1990 0
0.05420 0.06787 50 50 1601 2007 5
0.05417 0.06714 50 50 1616 2025 4
0.05422 0.06854 50 50 1630 2043 2
0.05454 0.06677 50 50 1645 2061 1
0.05391 0.06842 50 50 1659 2079 5
0.05430 0.06651 50 50 1673 2096 5
0.05326 0.06748 50 50 1687 2114 3
0.05523 0.06684 50 50 1700 2132 2
0.05458 0.06751 50 50 1714 2150 1
0.05482 0.06793 50 50 1728 2168 0
0.05437 0.06718 50 50 1743 2186 5
0.05427 0.06793 50 50 1757 2203 4
0.05413 0.06716 50 50 1771 2221 3
0.05412 0.06869 50 50 1785 2239 3
0.05435 0.06669 50 50 1800 2257 2
0.05379 0.06784 50 50 1814 2275 1
0.05361 0.06664 50 50 1828 2293 0
0.05445 0.06748 50 50 1841 2311 0
0.05452 0.06629 50 50 1855 2328 4
0.05445 0.06746 50 50 1870 2346 3
0.05433 0.06826 50 50 1884 2364 2
0.05395 0.06716 50 50 1899 2382 1
0.05459 0.06828 50 50 1913 2400 0
0.05380 0.06671 50 50 1927 2417 4
0.05507 0.06957 50 50 1940 2435 4
0.05464 0.06695 50 50 1954 2453 2
0.05539 0.06750 50 50 1969 2471 1
0.05520 0.06700 50 50 1983 2489 0
0.05439 0.06750 50 50 1998 2507 5
0.05364 0.06651 50 50 2012 2524 4
0.05429 0.06710 50 50 2026 2542 2
0.05358 0.06793 50 50 2041 2560 1
0.05403 0.06701 50 50 2055 2578 1
0.05383 0.06830 60 60 0 0 0
0.06855 0.06876 60 60 17 20 4
0.06994 0.08526 60 60 36 41 1
0.07067 0.08520 60 60 54 63 2
0.06996 0.08444 60 60 73 86 0
0.06974 0.08438 60 60 92 108 1
0.07106 0.08507 60 60 110 131 4
0.07116 0.08489 60 60 129 153 1
0.07082 0.08483 60 60 148 175 3
0.07152 0.08615 60 60 167 198 0
0.07136 0.08394 60 60 185 220 2
0.07060 0.08570 60 60 202 242 3
0.07131 0.08454 60 60 221 265 1
0.07091 0.08516 60 60 240 287 3
0.07093 0.08425 60 60 259 310 0
0.07157 0.08427 60 60 277 332 2
0.07096 0.08670 60 60 294 355 0
0.06965 0.08499 60 60 313 377 2
0.07123 0.08552 60 60 331 400 4
0.07001 0.08404 60 60 348 422 1
0.07024 0.08422 60 60 367 445 3
0.07160 0.08700 60 60 385 467 2
0.07035 0.08432 60 60 404 489 4
0.07098 0.08483 60 60 423 510 1
0.08740 0.08488 60 60 441 532 3
0.07138 0.08515 60 60 460 555 0
0.07073 0.08648 60 60 479 577 2
0.07167 0.08453 60 60 497 599 3
0.07132 0.08438 60 60 514 622 1
0.07113 0.08500 60 60 533 644 3
0.07141 0.08497 60 60 552 667 0
0.07236 0.08682 60 60 571 689 2
0.07099 0.08508 60 60 590 712 4
0.07103 0.08449 60 60 608 734 1
0.07205 0.08485 60 60 625 757 3
0.07051 0.08505 60 60 644 779 2
0.07083 0.08629 60 60 663 801 3
0.07168 0.08529 60 60 681 824 0
0.07090 0.08411 60 60 700 846 3
0.07071 0.08429 60 60 718 869 0
0.07177 0.08388 60 60 737 891 1
0.07050 0.08636 60 60 756 913 3
0.07087 0.08532 60 60 774 936 0
0.07194 0.08425 60 60 793 958 2
0.07055 0.08479 60 60 812 981 4
0.07084 0.08456 60 60 830 1003 1
0.07174 0.08612 60 60 847 1025 3
0.07095 0.08512 60 60 866 1048 0
0.07084 0.08400 60 60 885 1070 2
0.07201 0.08457 60 60 904 1093 4
0.07065 0.08552 60 60 922 1115 3
0.07116 0.08485 60 60 939 1138 0
0.07138 0.08472 60 60 958 1160 2
0.07173 0.08513 60 60 977 1183 4
0.07064 0.08395 60 60 996 1205 1
0.07145 0.08688 60 60 1014 1227 3
0.07079 0.08462 60 60 1033 1248 1
0.07021 0.08448 60 60 1051 1270 3
0.07101 0.08400 60 60 1068 1293 0
0.07083 0.08384 60 60 1087 1315 2
0.07045 0.08550 60 60 1105 1338 4
0.07096 0.08436 60 60 1122 1360 1
0.07079 0.08506 60 60 1141 1382 2
0.07142 0.08460 60 60 1159 1405 0
0.07121 0.08413 60 60 1176 1427 3
0.07080 0.08668 60 60 1195 1450 0
0.07125 0.08403 60 60 1214 1472 2
0.07157 0.08611 60 60 1233 1495 0
0.07167 0.08455 60 60 1251 1517 2
0.07157 0.08433 60 60 1268 1540 3
0.08691 0.08626 60 60 1285 1562 2
0.07182 0.08386 60 60 1304 1585 4
0.07056 0.08429 60 60 1323 1607 1
0.07062 0.08455 60 60 1342 1629 3
0.07142 0.08432 60 60 1360 1652 0
0.07100 0.08648 60 60 1379 1674 2
0.07038 0.08575 60 60 1398 1697 0
0.07114 0.08347 60 60 1416 1719 2
0.07033 0.08490 60 60 1435 1741 3
0.06998 0.08545 60 60 1454 1762 1
0.07109 0.08651 60 60 1472 1784 3
0.07002 0.08526 60 60 1491 1807 1
0.07074 0.08433 60 60 1510 1829 3
0.07135 0.08386 60 60 1529 1852 1
0.07006 0.08518 60 60 1547 1874 2
0.07038 0.08512 60 60 1566 1897 0
0.07119 0.08547 60 60 1585 1919 2
0.07177 0.08422 60 60 1604 1942 0
0.07098 0.08378 60 60 1623 1964 2
0.07118 0.08533 60 60 1642 1987 4
0.07113 0.08384 60 60 1660 2009 1
0.07091 0.08575 60 60 1677 2031 3
0.06993 0.08419 60 60 1696 2054 0
0.07100 0.08374 60 60 1715 2076 2
0.07076 0.08667 60 60 1733 2099 0
0.06869 0.08456 60 60 1752 2121 2
0.07096 0.08470 60 60 1771 2144 0
0.06918 0.08502 60 60 1789 2166 2
0.06995 0.08398 60 60 1808 2189 4
0.07093 0.08672 60 60 1827 2211 2
0.06962 0.08427 60 60 1845 2233 4
0.07024 0.08471 60 60 1864 2254 1
0.07093 0.08441 60 60 1883 2276 3
0.07091 0.08504 60 60 1901 2297 0
0.07089 0.08622 60 60 1918 2319 2
0.07147 0.08476 60 60 1937 2342 0
0.07067 0.08418 60 60 1956 2364 2
0.07050 0.08506 60 60 1975 2387 4
0.07216 0.08524 60 60 1994 2409 2
0.07093 0.08566 60 60 2013 2432 4
0.07136 0.08506 60 60 2031 2454 1
0.07122 0.08448 60 60 2050 2476 4
0.07009 0.08438 60 60 2069 2497 1
0.06992 0.08510 60 60 2087 2519 3
0.07054 0.08515 60 60 2104 2542 0
0.07082 0.08444 60 60 2123 2564 2
0.07075 0.08394 60 60 2141 2587 4
0.07048 0.08447 70 70 0 0 2
0.08520 0.10020 70 70 22 26 0
0.08690 0.10118 70 70 44 52 3
0.08769 0.10392 70 70 65 79 2
0.08766 0.10187 70 70 86 106 1
0.08664 0.10093 70 70 108 133 1
0.08767 0.10126 70 70 131 160 0
0.08915 0.10175 70 70 154 186 3
0.08811 0.10108 70 70 177 211 2
0.11319 0.10347 70 70 201 236 2
0.08870 0.10157 70 70 224 263 1
0.08748 0.10084 70 70 247 290 0
0.08621 0.10109 70 70 270 317 3
0.08711 0.10202 70 70 293 344 3
0.08666 0.10072 70 70 316 370 3
0.08720 0.10419 70 70 339 395 2
0.08771 0.10103 70 70 362 422 2
0.08823 0.10022 70 70 385 449 1
0.08767 0.10153 70 70 408 476 0
0.08714 0.10070 70 70 429 503 0
0.07131 0.10123 70 70 451 530 3
0.08732 0.10333 70 70 474 556 3
0.08801 0.10247 70 70 497 581 2
0.08773 0.10095 70 70 520 608 2
0.08802 0.10146 70 70 544 635 1
0.08845 0.10137 70 70 567 662 0
0.08815 0.10137 70 70 590 689 3
0.08718 0.10309 70 70 613 716 3
0.08760 0.10182 70 70 636 742 2
0.08603 0.10103 70 70 657 769 1
0.08765 0.10164 70 70 678 796 1
0.08661 0.10152 70 70 699 823 1
0.08707 0.10199 70 70 721 850 0
0.08723 0.10328 70 70 744 877 3
0.08711 0.10183 70 70 767 903 2
0.08757 0.10099 70 70 790 928 2
0.07156 0.10063 70 70 813 955 1
0.08815 0.10134 70 70 836 982 1
0.08691 0.10206 70 70 858 1009 0
0.08810 0.10138 70 70 881 1036 0
0.08855 0.10386 70 70 904 1063 0
0.08721 0.10008 70 70 927 1089 2
0.08852 0.10099 70 70 949 1116 2
0.08799 0.10154 70 70 972 1143 1
0.08727 0.10228 70 70 995 1170 0
0.08690 0.10118 70 70 1018 1197 0
0.08800 0.10171 70 70 1041 1224 3
0.08674 0.10033 70 70 1064 1250 2
0.08748 0.10094 70 70 1087 1275 3
0.08798 0.10156 70 70 1110 1302 2
0.08763 0.10164 70 70 1133 1329 1
0.08779 0.10142 70 70 1154 1356 0
0.08805 0.10507 70 70 1176 1383 0
0.08709 0.10220 70 70 1199 1410 0
0.08751 0.10076 70 70 1222 1436 3
0.08843 0.10071 70 70 1244 1461 2
0.08790 0.10175 70 70 1267 1486 2
0.08788 0.10118 70 70 1290 1513 1
0.08775 0.10390 70 70 1313 1540 1
0.08840 0.10198 70 70 1335 1567 1
0.08689 0.10055 70 70 1358 1594 0
0.08783 0.10175 70 70 1381 1621 3
0.08776 0.10132 70 70 1404 1647 2
0.08787 0.10088 70 70 1427 1672 2
0.08797 0.10360 70 70 1450 1699 1
0.08737 0.10217 70 70 1473 1726 1
0.08872 0.10098 70 70 1495 1753 0
0.08795 0.10098 70 70 1518 1780 0
0.08805 0.10213 70 70 1541 1807 3
0.08883 0.10081 70 70 1564 1833 2
0.08793 0.10397 70 70 1586 1858 3
0.08716 0.10195 70 70 1609 1883 2
0.08872 0.10094 70 70 1632 1910 1
0.08753 0.10119 70 70 1654 1937 1
0.08812 0.10134 70 70 1677 1964 1
0.08714 0.10187 70 70 1700 1991 0
0.08701 0.10324 70 70 1723 2018 3
0.08746 0.10161 70 70 1746 2044 3
0.08950 0.10113 70 70 1769 2069 2
0.08710 0.10167 70 70 1792 2096 1
0.08757 0.10126 70 70 1815 2123 1
0.11411 0.10225 70 70 1837 2150 1
0.08809 0.10128 70 70 1860 2177 0
0.08700 0.10185 70 70 1883 2204 3
0.08983 0.10013 70 70 1906 2230 2
0.08840 0.10098 70 70 1929 2255 2
0.08723 0.10155 70 70 1953 2282 1
0.08846 0.10225 70 70 1976 2309 1
0.08790 0.10094 70 70 1999 2336 1
0.08987 0.10315 70 70 2022 2363 0
0.08768 0.10129 70 70 2044 2390 3
0.08762 0.09890 70 70 2067 2417 2
0.08723 0.10061 70 70 2090 2443 3
0.08721 0.10226 70 70 2113 2468 2
0.08742 0.10123 70 70 2136 2495 1
0.08752 0.10579 70 70 2159 2522 1
0.08763 0.10190 70 70 2182 2549 0
0.08858 0.10083 70 70 2205 2576 3
0.08799 0.10416 80 80 0 0 0
0.10273 0.11675 80 80 26 29 2
0.10396 0.11837 80 80 53 60 3
0.10381 0.11828 80 80 80 90 0
0.10414 0.11829 80 80 108 121 2
0.10351 0.11795 80 80 135 153 0
0.10223 0.11847 80 80 162 184 1
0.10384 0.11844 80 80 188 215 2
0.10326 0.11833 80 80 215 245 0
0.10338 0.11865 80 80 242 276 1
0.10403 0.12089 80 80 268 308 2
0.10417 0.11987 80 80 295 339 1
0.10355 0.12058 80 80 322 370 2
0.10378 0.11761 80 80 348 400 0
0.10441 0.12091 80 80 375 431 1
0.10466 0.11817 80 80 401 463 3
0.10400 0.12092 80 80 428 494 1
0.10308 0.11848 80 80 454 526 2
0.10408 0.12094 80 80 481 557 0
0.10316 0.11728 80 80 507 588 2
0.10346 0.12146 80 80 534 618 0
0.10417 0.11800 80 80 561 649 1
0.10416 0.11929 80 80 589 681 2
0.10406 0.11864 80 80 616 712 0
0.10404 0.11910 80 80 643 743 2
0.10374 0.11765 80 80 669 773 0
0.10381 0.11969 80 80 696 804 1
0.10336 0.11774 80 80 724 836 2
0.10425 0.11626 80 80 751 867 1
0.10376 0.11841 80 80 779 899 0
0.10392 0.11965 80 80 806 930 1
0.10255 0.11880 80 80 834 961 2
0.10347 0.11993 80 80 861 991 0
0.10410 0.12044 80 80 888 1022 1
0.10400 0.11748 80 80 914 1054 2
0.10410 0.11927 80 80 941 1085 1
0.10346 0.11535 80 80 968 1117 2
0.10331 0.12058 80 80 994 1148 1
0.10451 0.11801 80 80 1021 1180 2
0.10386 0.12001 80 80 1047 1211 1
0.10332 0.11915 80 80 1074 1243 0
0.10389 0.11966 80 80 1100 1274 1
0.10423 0.11739 80 80 1127 1306 2
0.10429 0.11966 80 80 1153 1337 0
0.10332 0.11814 80 80 1180 1368 1
0.10276 0.11958 80 80 1206 1398 0
0.10311 0.11810 80 80 1233 1429 1
0.10438 0.11966 80 80 1261 1461 0
0.10392 0.11829 80 80 1288 1492 1
0.10419 0.11887 80 80 1315 1524 2
0.10325 0.11813 80 80 1341 1555 1
0.10357 0.11852 80 80 1368 1587 2
0.10467 0.11738 80 80 1396 1618 1
0.10336 0.11845 80 80 1423 1650 2
0.10364 0.11824 80 80 1451 1681 1
0.10372 0.11817 80 80 1478 1712 2
0.10369 0.11772 80 80 1504 1742 0
0.10377 0.11792 80 80 1531 1773 1
0.10397 0.11832 80 80 1557 1803 3
0.10329 0.11845 80 80 1584 1834 2
0.10383 0.11883 80 80 1611 1866 0
0.10360 0.11847 80 80 1637 1897 1
0.10372 0.11848 80 80 1664 1929 3
0.10313 0.11838 80 80 1691 1960 1
0.10457 0.11783 80 80 1717 1992 0
0.10299 0.11856 80 80 1744 2023 1
0.14246 0.11832 80 80 1770 2055 3
0.10407 0.11824 80 80 1797 2086 0
0.10381 0.11766 80 80 1823 2118 0
0.10399 0.11785 80 80 1851 2149 1
0.10396 0.11903 80 80 1878 2180 2
0.10423 0.11905 80 80 1905 2212 0
0.10374 0.11909 80 80 1931 2244 3
0.10421 0.11840 80 80 1958 2275 1
0.10313 0.11852 80 80 1986 2307 2
0.10362 0.11785 80 80 2013 2338 0
0.10325 0.11881 80 80 2040 2369 3
0.10321 0.11852 80 80 2066 2401 1
0.10338 0.11823 80 80 2093 2432 2
0.10413 0.11849 80 80 2121 2462 0
0.10419 0.11824 80 80 2148 2493 1
0.10409 0.11897 80 80 2176 2523 0
0.10357 0.11710 80 80 2203 2554 1
0.10324 0.11876 80 80 2229 2586 0
0.10388 0.11841 90 90 0 0 1
0.11781 0.13375 90 90 30 35 2
0.12089 0.13611 90 90 62 70 1
0.12011 0.13516 90 90 94 104 1
0.12056 0.13360 90 90 125 138 0
0.11925 0.13781 90 90 155 172 1
0.12104 0.13492 90 90 187 208 1
0.12152 0.13554 90 90 218 244 1
0.12089 0.13567 90 90 248 280 0
0.12042 0.13573 90 90 278 316 0
0.12006 0.13904 90 90 310 352 1
0.11964 0.13663 90 90 341 388 0
0.12060 0.13856 90 90 371 424 0
0.12048 0.13548 90 90 401 460 0
0.11909 0.13669 90 90 433 496 0
0.12028 0.13712 90 90 464 532 2
0.11984 0.13534 90 90 494 568 0
0.11995 0.13439 90 90 524 604 0
0.11978 0.13556 90 90 556 640 2
0.12061 0.13647 90 90 587 676 2
0.12019 0.13877 90 90 617 712 2
0.12087 0.13562 90 90 647 747 1
0.11964 0.13635 90 90 679 783 1
0.12123 0.13450 90 90 710 819 2
0.12037 0.13562 90 90 740 853 1
0.12377 0.13454 90 90 770 887 1
0.11938 0.13654 90 90 802 923 0
0.11885 0.13868 90 90 833 959 0
0.11980 0.13479 90 90 863 995 1
0.11907 0.13768 90 90 893 1031 1
0.12054 0.13548 90 90 925 1067 0
0.12028 0.13548 90 90 957 1103 0
0.12001 0.13476 90 90 988 1139 0
0.11998 0.13595 90 90 1018 1175 0
0.11977 0.13829 90 90 1050 1211 0
0.12022 0.13573 90 90 1082 1247 0
0.12123 0.13710 90 90 1113 1283 0
0.12067 0.13474 90 90 1143 1319 0
0.11893 0.13560 90 90 1175 1355 0
0.11735 0.13450 90 90 1207 1391 0
0.11829 0.13662 90 90 1238 1427 0
0.12015 0.13883 90 90 1268 1463 1
0.12010 0.13569 90 90 1298 1499 0
0.12088 0.13661 90 90 1330 1535 0
0.11964 0.13507 90 90 1361 1571 0
0.12096 0.13604 90 90 1393 1607 0
0.11974 0.13541 90 90 1423 1643 0
0.12015 0.13653 90 90 1455 1679 0
0.12039 0.13699 90 90 1487 1715 2
0.12020 0.13526 90 90 1518 1751 0
0.12068 0.13727 90 90 1548 1787 0
0.11941 0.13519 90 90 1578 1823 0
0.11993 0.13538 90 90 1610 1859 1
0.11926 0.13514 90 90 1641 1895 0
0.12059 0.13643 90 90 1673 1931 0
0.12021 0.13595 90 90 1703 1967 2
0.12018 0.13577 90 90 1735 2003 0
0.11901 0.13669 90 90 1767 2039 0
0.11707 0.13503 90 90 1798 2075 0
0.11929 0.13541 90 90 1828 2111 2
0.12051 0.13474 90 90 1860 2147 0
0.12025 0.13920 90 90 1892 2183 0
0.11990 0.13608 90 90 1923 2219 2
0.12061 0.13875 90 90 1953 2255 2
0.11994 0.13533 90 90 1983 2290 1
0.11980 0.13666 90 90 2015 2326 2
0.12018 0.13877 90 90 2046 2362 2
0.12049 0.13586 90 90 2076 2396 1
0.12024 0.13499 90 90 2106 2430 1
0.12068 0.13685 90 90 2138 2464 2
0.12007 0.13450 90 90 2170 2498 1
0.12026 0.13516 90 90 2201 2532 1
0.11751 0.13587 90 90 2231 2566 1
0.12032 0.13508 100 100 0 0 2
0.13529 0.15368 100 100 34 37 0
0.13739 0.15207 100 100 68 77 1
0.13572 0.15210 100 100 103 116 2
0.13631 0.15455 100 100 139 156 1
0.13613 0.15196 100 100 175 195 0
0.13536 0.15328 100 100 211 236 2
0.13596 0.15259 100 100 247 276 0
0.13678 0.15463 100 100 283 315 0
0.13581 0.15383 100 100 319 355 1
0.13607 0.15123 100 100 355 394 0
0.13619 0.15311 100 100 389 434 1
0.13693 0.15199 100 100 423 475 0
0.13608 0.15165 100 100 460 515 1
0.13679 0.11036 100 100 496 556 0
0.13605 0.15149 100 100 532 597 0
0.13635 0.15430 100 100 568 637 1
0.13570 0.15213 100 100 604 676 0
0.13668 0.15228 100 100 640 716 1
0.13653 0.14906 100 100 674 757 0
0.13702 0.15601 100 100 708 798 2
0.13756 0.15240 100 100 742 838 0
0.13651 0.15644 100 100 779 877 0
0.13634 0.15230 100 100 815 917 1
0.13718 0.15361 100 100 851 958 0
0.13700 0.15552 100 100 887 998 1
0.13695 0.15367 100 100 921 1037 1
0.13612 0.15258 100 100 955 1078 1
0.13595 0.15253 100 100 989 1118 0
0.13674 0.15517 100 100 1023 1159 2
0.13580 0.15580 100 100 1059 1199 0
0.13700 0.15210 100 100 1096 1238 1
0.13730 0.15246 100 100 1132 1278 1
0.13732 0.15124 100 100 1168 1319 0
0.13516 0.15256 100 100 1202 1359 2
0.13539 0.15554 100 100 1236 1400 0
0.13512 0.15203 100 100 1270 1440 1
0.13572 0.15294 100 100 1304 1479 0
0.13537 0.15402 100 100 1340 1520 2
0.21144 0.15180 100 100 1377 1560 0
0.13529 0.15614 100 100 1413 1599 0
0.13650 0.15237 100 100 1449 1639 1
0.13591 0.15177 100 100 1485 1678 2
0.13671 0.15418 100 100 1519 1718 1
0.13650 0.15138 100 100 1553 1759 0
0.13569 0.15568 100 100 1590 1800 0
0.13691 0.15224 100 100 1626 1840 1
0.13570 0.15161 100 100 1662 1879 2
0.13591 0.15407 100 100 1698 1919 2
0.13603 0.15282 100 100 1734 1960 0
0.13656 0.15338 100 100 1770 2001 2
0.13686 0.15216 100 100 1806 2041 1
0.13713 0.15305 100 100 1840 2080 0
0.13626 0.15302 100 100 1874 2120 1
0.13650 0.15157 100 100 1909 2161 0
0.13625 0.15415 100 100 1945 2201 1
0.13670 0.15216 100 100 1981 2242 0
0.13582 0.15170 100 100 2017 2283 2
0.13751 0.15436 100 100 2053 2323 0
0.13596 0.15515 100 100 2089 2362 2
0.14094 0.15345 100 100 2125 2402 1
0.13580 0.15229 100 100 2159 2441 0
0.13759 0.15204 100 100 2193 2481 2
0.13611 0.15366 100 100 2230 2522 0
0.13699 0.15610 100 100 2266 2562 1
0.13603 0.15231 110 110 0 0 1
0.15201 0.17187 110 110 39 43 1
0.15194 0.16831 110 110 79 86 1
0.15185 0.17052 110 110 119 129 1
0.15375 0.17151 110 110 158 173 2
0.15342 0.16904 110 110 198 218 2
0.15372 0.16931 110 110 239 263 2
0.15612 0.16979 110 110 280 308 0
0.15201 0.16950 110 110 320 353 1
0.15187 0.17009 110 110 358 396 1
0.15325 0.17325 110 110 399 441 1
0.15396 0.16854 110 110 439 485 2
0.15229 0.16677 110 110 478 530 1
0.15305 0.16581 110 110 518 575 1
0.25510 0.16995 110 110 557 620 0
0.15358 0.17131 110 110 597 665 0
0.15285 0.16959 110 110 636 710 0
0.15252 0.16952 110 110 676 753 0
0.15299 0.17531 110 110 715 796 1
0.15155 0.17310 110 110 755 841 1
0.15168 0.16910 110 110 795 885 1
0.15193 0.17269 110 110 834 930 0
0.15364 0.17105 110 110 874 975 2
0.15365 0.16916 110 110 913 1020 1
0.15226 0.17132 110 110 953 1065 0
0.15215 0.16944 110 110 994 1110 0
0.15281 0.16905 110 110 1034 1155 0
0.15263 0.16994 110 110 1075 1200 0
0.15241 0.17348 110 110 1115 1243 0
0.15180 0.16876 110 110 1154 1286 0
0.15325 0.17037 110 110 1194 1329 0
0.15359 0.17099 110 110 1233 1372 0
0.15347 0.16871 110 110 1273 1415 1
0.15343 0.16909 110 110 1312 1458 1
0.15284 0.16699 110 110 1352 1503 0
0.15354 0.17287 110 110 1393 1548 1
0.15299 0.16880 110 110 1433 1591 1
0.15300 0.17046 110 110 1472 1636 0
0.15323 0.17066 110 110 1512 1679 1
0.15099 0.16918 110 110 1551 1722 1
0.15187 0.16892 110 110 1591 1765 1
0.15423 0.16988 110 110 1630 1808 1
0.15295 0.17318 110 110 1670 1852 1
0.15397 0.16973 110 110 1711 1897 0
0.15110 0.17121 110 110 1750 1942 2
0.15160 0.16862 110 110 1790 1987 0
0.15246 0.16972 110 110 1828 2032 0
0.15279 0.17140 110 110 1869 2077 0
0.15290 0.16932 110 110 1907 2122 0
0.15314 0.16956 110 110 1948 2165 0
0.15276 0.16961 110 110 1987 2208 1
0.15386 0.17350 110 110 2027 2253 1
0.15221 0.16949 110 110 2068 2298 0
0.15238 0.17027 110 110 2108 2343 1
0.15258 0.17029 110 110 2149 2388 1
0.15342 0.16564 110 110 2189 2433 0
0.15750 0.16898 110 110 2230 2478 1
0.15347 0.17005 110 110 2270 2521 1
0.15220 0.16944 110 110 2311 2565 0
0.14797 0.16984 120 120 0 0 2
0.16825 0.18729 120 120 43 48 1
0.17105 0.18591 120 120 88 97 0
0.16849 0.18832 120 120 133 147 0
0.16992 0.18763 120 120 177 197 0
0.16483 0.18742 120 120 222 247 1
0.17396 0.19184 120 120 267 297 0
0.16997 0.19127 120 120 312 347 1
0.16938 0.18678 120 120 357 396 1
0.17012 0.18875 120 120 402 444 0
0.16877 0.18605 120 120 445 492 0
0.16994 0.18586 120 120 488 541 1
0.17088 0.18713 120 120 533 589 0
0.16924 0.18699 120 120 578 637 0
0.17000 0.18540 120 120 623 686 1
0.16993 0.18766 120 120 666 734 0
0.17427 0.19051 120 120 709 782 0
0.16987 0.19051 120 120 754 831 1
0.17087 0.18724 120 120 799 879 0
0.17045 0.18535 120 120 844 927 1
0.16975 0.18948 120 120 887 976 1
0.17004 0.18690 120 120 930 1024 1
0.16978 0.18725 120 120 973 1072 0
0.17042 0.18678 120 120 1016 1122 0
0.17003 0.18692 120 120 1059 1170 1
0.17065 0.18797 120 120 1102 1219 0
0.17075 0.19121 120 120 1147 1267 1
0.16841 0.19115 120 120 1192 1317 2
0.16949 0.18814 120 120 1237 1365 0
0.16988 0.18854 120 120 1280 1414 1
0.16965 0.18646 120 120 1323 1462 0
0.16993 0.18678 120 120 1366 1512 0
0.17060 0.18812 120 120 1409 1560 1
0.17125 0.18633 120 120 1454 1609 0
0.16989 0.18888 120 120 1497 1657 1
0.16958 0.19166 120 120 1540 1707 0
0.16778 0.18716 120 120 1583 1757 0
0.17040 0.18691 120 120 1626 1807 1
0.16939 0.18852 120 120 1669 1856 1
0.17091 0.18718 120 120 1713 1904 1
0.17095 0.18808 120 120 1758 1952 0
0.17083 0.18787 120 120 1801 2000 1
0.17046 0.18930 120 120 1844 2048 1
0.16929 0.19167 120 120 1887 2096 0
0.17503 0.18758 120 120 1930 2146 1
0.16950 0.18926 120 120 1973 2196 0
0.17040 0.19048 120 120 2016 2246 1
0.16952 0.18065 120 120 2059 2294 1
0.17079 0.18838 120 120 2102 2343 1
0.17072 0.18612 120 120 2145 2391 0
0.16921 0.18783 120 120 2188 2441 0
0.17044 0.18746 120 120 2231 2489 1
0.16231 0.19134 120 120 2274 2538 1
0.16988 0.18551 120 120 2317 2586 0
0.16912 0.18971 130 130 0 0 0
0.18567 0.20810 130 130 46 51 0
0.18797 0.20545 130 130 93 105 0
0.18629 0.20597 130 130 141 157 0
0.18586 0.20969 130 130 188 212 1
0.18715 0.20673 130 130 238 266 0
0.18606 0.20483 130 130 287 318 0
0.18722 0.20621 130 130 337 371 1
0.18623 0.20422 130 130 386 425 0
0.18843 0.20543 130 130 434 479 1
0.18859 0.20418 130 130 482 533 0
0.18816 0.20386 130 130 531 585 0
0.18723 0.20620 130 130 581 638 0
0.18744 0.21017 130 130 630 690 0
0.18785 0.20448 130 130 680 743 1
0.18758 0.20601 130 130 727 797 1
0.18677 0.21255 130 130 775 850 0
0.18692 0.20473 130 130 823 904 0
0.18696 0.20614 130 130 872 957 1
0.18679 0.20422 130 130 922 1011 0
0.18590 0.20374 130 130 971 1065 1
0.18624 0.20370 130 130 1021 1120 1
0.18811 0.22122 130 130 1068 1172 1
0.18728 0.20371 130 130 1118 1225 1
0.18666 0.20294 130 130 1166 1279 1
0.18707 0.20625 130 130 1215 1331 1
0.18767 0.20964 130 130 1265 1384 1
0.18826 0.21342 130 130 1314 1438 0
0.18638 0.20528 130 130 1364 1492 1
0.17810 0.20418 130 130 1413 1546 0
0.19282 0.20365 130 130 1461 1598 0
0.18738 0.20490 130 130 1509 1651 1
0.18742 0.20313 130 130 1558 1705 0
0.18733 0.20338 130 130 1606 1757 1
0.18756 0.21444 130 130 1655 1811 0
0.18762 0.20906 130 130 1703 1863 0
0.18734 0.20411 130 130 1752 1916 1
0.18149 0.20453 130 130 1802 1970 0
0.18725 0.20621 130 130 1849 2024 0
0.18758 0.21443 130 130 1897 2077 0
0.18752 0.20546 130 130 1945 2131 0
0.18598 0.20521 130 130 1994 2185 1
0.18644 0.20377 130 130 2042 2239 0
0.18684 0.20383 130 130 2091 2291 0
0.18672 0.20665 130 130 2141 2346 1
0.18838 0.20468 130 130 2189 2400 0
0.18764 0.20304 130 130 2238 2452 0
0.18722 0.20656 130 130 2286 2506 0
0.18657 0.20936 130 130 2333 2558 1
0.18683 0.20513 140 140 0 0 0
0.20218 0.22660 140 140 50 55 1
0.20479 0.22181 140 140 102 112 0
0.20475 0.22383 140 140 154 169 0
0.20447 0.22309 140 140 208 227 1
0.21405 0.22446 140 140 260 286 1
0.20134 0.21989 140 140 312 345 1
0.20592 0.22035 140 140 364 404 1
0.20449 0.22439 140 140 418 462 1
0.20587 0.22164 140 140 472 520 0
0.20521 0.22059 140 140 524 577 1
0.20628 0.21782 140 140 576 635 0
0.20468 0.21826 140 140 630 693 1
0.20504 0.21923 140 140 682 751 1
0.20461 0.21821 140 140 735 809 0
0.20523 0.21839 140 140 789 867 0
0.20512 0.21869 140 140 841 923 0
0.20571 0.21845 140 140 895 981 0
0.20413 0.21810 140 140 948 1037 0
0.20423 0.21915 140 140 1000 1093 0
0.20449 0.22418 140 140 1052 1151 1
0.20593 0.21835 140 140 1104 1209 0
0.20535 0.21910 140 140 1158 1265 0
0.20482 0.22416 140 140 1211 1322 0
0.20330 0.23028 140 140 1265 1380 0
0.20542 0.21921 140 140 1317 1436 0
0.20502 0.22371 140 140 1371 1492 1
0.20503 0.21855 140 140 1423 1550 0
0.20443 0.21858 140 140 1477 1606 0
0.20645 0.22432 140 140 1529 1662 1
0.19800 0.22098 140 140 1581 1720 1
0.20549 0.21938 140 140 1633 1776 1
0.20460 0.23196 140 140 1687 1834 1
0.20532 0.22053 140 140 1739 1891 1
0.20477 0.21984 140 140 1791 1949 1
0.20513 0.22495 140 140 1845 2007 1
0.20357 0.22708 140 140 1899 2064 1
0.20449 0.22043 140 140 1951 2122 1
0.20406 0.22493 140 140 2003 2178 0
0.20453 0.22113 140 140 2057 2234 0
0.20243 0.21920 140 140 2109 2292 1
0.21634 0.22394 140 140 2163 2348 0
0.20473 0.22124 140 140 2215 2406 0
0.20407 0.21902 140 140 2267 2465 0
0.20333 0.22465 140 140 2320 2521 0
0.20418 0.22182 140 140 2374 2579 0
0.20478 0.21956 150 150 0 0 0
0.21910 0.23645 150 150 55 61 0
0.21920 0.23895 150 150 111 123 1
0.22715 0.23670 150 150 167 185 0
0.22042 0.24036 150 150 225 248 1
0.22171 0.23335 150 150 282 311 0
0.21904 0.24588 150 150 338 374 0
0.22040 0.24576 150 150 394 436 1
0.22135 0.24282 150 150 452 500 0
0.21996 0.23990 150 150 509 562 0
0.22105 0.23956 150 150 567 626 1
0.22065 0.23576 150 150 623 688 0
0.21947 0.23985 150 150 681 751 1
0.22094 0.24153 150 150 738 814 0
0.22035 0.24584 150 150 796 876 0
0.22242 0.23049 150 150 852 940 0
0.22092 0.23805 150 150 910 1003 1
0.22042 0.24260 150 150 967 1066 0
0.21858 0.24181 150 150 1025 1128 1
0.22080 0.23787 150 150 1081 1191 0
0.21996 0.23972 150 150 1139 1254 0
0.21882 0.24016 150 150 1197 1317 1
0.22045 0.24129 150 150 1253 1381 1
0.22012 0.24186 150 150 1311 1443 1
0.21878 0.24623 150 150 1368 1506 0
0.22003 0.23793 150 150 1424 1569 0
0.22003 0.24213 150 150 1480 1632 0
0.22463 0.23850 150 150 1537 1694 0
0.22149 0.24025 150 150 1595 1756 0
0.22035 0.24000 150 150 1653 1818 0
0.21963 0.23894 150 150 1710 1880 1
0.23434 0.15032 150 150 1766 1942 0
0.22050 0.24557 150 150 1822 2006 1
0.21873 0.23865 150 150 1878 2067 0
0.22159 0.23213 150 150 1936 2130 0
0.21920 0.23865 150 150 1992 2193 0
0.21893 0.23986 150 150 2050 2255 0
0.21988 0.24116 150 150 2108 2317 0
0.22054 0.23941 150 150 2164 2381 0
0.21830 0.24098 150 150 2222 2442 1
0.21972 0.24608 150 150 2279 2505 0
0.22040 0.25312 150 150 2335 2567 1
0.21781 0.23744 160 160 0 0 1
0.23772 0.25630 160 160 61 66 0
0.23957 0.25682 160 160 124 132 0
0.24069 0.26038 160 160 186 200 0
0.24148 0.26451 160 160 247 267 0
0.23877 0.26047 160 160 309 333 1
0.23880 0.25887 160 160 370 401 0
0.23920 0.25532 160 160 434 469 1
0.24034 0.26142 160 160 495 535 0
0.24006 0.25763 160 160 558 603 0
0.23905 0.26425 160 160 621 671 0
0.63477 0.25862 160 160 684 738 1
0.23955 0.26744 160 160 747 807 1
0.23945 0.25748 160 160 810 873 0
0.24016 0.26854 160 160 871 940 1
0.23990 0.26443 160 160 934 1009 0
0.24059 0.25951 160 160 997 1075 1
0.24189 0.25888 160 160 1060 1143 0
0.24065 0.25682 160 160 1122 1210 1
0.23954 0.26050 160 160 1183 1278 1
0.23929 0.25692 160 160 1245 1344 0
0.24770 0.25928 160 160 1306 1412 1
0.24022 0.25893 160 160 1368 1479 0
0.23969 0.25790 160 160 1429 1545 0
0.24165 0.26087 160 160 1491 1613 1
0.24013 0.25772 160 160 1552 1681 0
0.24180 0.26352 160 160 1614 1749 0
0.23946 0.25727 160 160 1675 1815 0
0.23772 0.26485 160 160 1736 1881 1
0.23954 0.26058 160 160 1799 1948 1
0.24004 0.25731 160 160 1860 2014 0
0.24012 0.25930 160 160 1922 2081 1
0.24161 0.25859 160 160 1983 2149 1
0.24030 0.25758 160 160 2047 2217 0
0.23860 0.26052 160 160 2108 2285 1
0.23876 0.25780 160 160 2171 2354 1
0.23916 0.26511 160 160 2232 2420 0
0.23881 0.25807 160 160 2294 2488 1
0.24012 0.25745 160 160 2355 2554 0
0.24010 0.25723 170 170 0 0 0
0.25542 0.27053 170 170 66 69 0
0.25845 0.28255 170 170 131 142 1
0.25758 0.27673 170 170 198 213 0
0.25667 0.27618 170 170 264 286 0
0.25887 0.27667 170 170 332 359 0
0.25851 0.28193 170 170 398 432 0
0.25749 0.27759 170 170 465 505 1
0.25875 0.27630 170 170 531 578 0
0.26550 0.27696 170 170 597 649 0
0.25840 0.28269 170 170 665 720 1
0.25645 0.27782 170 170 731 794 0
0.25917 0.27442 170 170 799 867 0
0.25753 0.27801 170 170 865 940 1
0.25719 0.27599 170 170 931 1011 0
0.25816 0.28193 170 170 999 1084 0
0.25862 0.27510 170 170 1066 1157 1
0.25745 0.27643 170 170 1132 1230 0
0.25890 0.27447 170 170 1198 1303 1
0.25615 0.27596 170 170 1264 1374 1
0.25864 0.27470 170 170 1332 1445 0
0.25708 0.27714 170 170 1398 1518 1
0.25336 0.27499 170 170 1466 1591 0
0.25620 0.27606 170 170 1532 1662 0
0.26690 0.27483 170 170 1598 1735 0
0.25829 0.27621 170 170 1664 1808 0
0.25772 0.28216 170 170 1732 1881 0
0.25778 0.27554 170 170 1798 1954 0
0.26030 0.28175 170 170 1866 2027 0
0.25879 0.27582 170 170 1934 2098 1
0.25742 0.28172 170 170 2000 2169 1
0.24689 0.27519 170 170 2067 2240 1
0.25787 0.28163 170 170 2133 2311 0
0.25665 0.27558 170 170 2199 2382 0
0.25759 0.28198 170 170 2267 2453 0
0.25626 0.27501 170 170 2333 2524 1
0.25827 0.28239 180 180 0 0 1
0.27271 0.29318 180 180 70 73 0
0.27405 0.30020 180 180 141 148 0
0.27494 0.29184 180 180 214 225 0
0.27481 0.29713 180 180 285 303 1
0.27754 0.29502 180 180 355 379 0
0.27651 0.29618 180 180 425 457 0
0.27519 0.29446 180 180 495 533 0
0.27496 0.29324 180 180 567 611 0
0.27589 0.29767 180 180 637 687 0
0.27720 0.29338 180 180 707 764 0
0.27413 0.29273 180 180 777 839 1
0.27651 0.29255 180 180 847 914 0
0.27628 0.29213 180 180 919 991 0
0.27616 0.29337 180 180 991 1068 0
0.27651 0.29977 180 180 1062 1143 0
0.27556 0.29991 180 180 1133 1220 1
0.27561 0.29005 180 180 1203 1295 0
0.27477 0.29528 180 180 1273 1370 0
0.27705 0.29072 180 180 1344 1447 0
0.27755 0.29046 180 180 1417 1523 0
0.27693 0.28018 180 180 1490 1598 0
0.27578 0.29179 180 180 1563 1673 0
0.27491 0.27953 180 180 1636 1750 0
0.27688 0.29404 180 180 1707 1827 1
0.27520 0.29910 180 180 1779 1902 0
0.27719 0.29588 180 180 1851 1977 1
0.27432 0.29465 180 180 1922 2054 0
0.27710 0.29536 180 180 1994 2130 0
0.27737 0.29084 180 180 2066 2207 1
0.27519 0.29231 180 180 2138 2282 0
0.27589 0.29235 180 180 2208 2359 1
0.28853 0.29353 180 180 2280 2436 0
0.27561 0.29362 180 180 2352 2511 0
0.27487 0.30016 180 180 2424 2586 0
0.27606 0.29100 190 190 0 0 0
0.29013 0.29018 190 190 75 80 0
0.29199 0.31092 190 190 152 161 0
0.29324 0.31640 190 190 229 242 0
0.29541 0.31578 190 190 306 323 0
0.29310 0.31182 190 190 381 405 0
0.29263 0.32128 190 190 457 487 0
0.29364 0.32063 190 190 534 568 0
0.29481 0.31443 190 190 609 649 0
0.27547 0.31341 190 190 686 731 0
0.29226 0.31325 190 190 761 813 0
0.30727 0.31235 190 190 836 894 1
0.29360 0.31594 190 190 913 977 1
0.29513 0.31234 190 190 988 1058 1
0.29242 0.31817 190 190 1063 1140 1
0.29392 0.30896 190 190 1140 1220 0
0.29390 0.31435 190 190 1216 1303 0
0.29359 0.30714 190 190 1293 1384 0
0.29295 0.31338 190 190 1368 1466 0
0.29474 0.31335 190 190 1445 1549 0
0.29190 0.31103 190 190 1520 1630 0
0.29360 0.31424 190 190 1595 1712 0
0.29344 0.31696 190 190 1670 1793 0
0.29350 0.31186 190 190 1747 1874 0
0.29496 0.31070 190 190 1824 1956 0
0.29298 0.32113 190 190 1899 2038 0
0.29359 0.31456 190 190 1976 2121 0
0.29289 0.31430 190 190 2052 2204 0
0.29467 0.31387 190 190 2129 2286 0
0.31493 0.31292 190 190 2204 2369 0
0.29275 0.31610 190 190 2279 2451 0
0.29420 0.31210 190 190 2356 2533 0
