A> GO!
1 0 0.000000 0.000000 0.008000 0
1 1 0.000000 0.000000 0.016000 0
1 2 0.000000 0.000000 0.024000 0
1 3 0.000000 0.000000 0.024000 0
1 4 0.000000 0.000000 0.032000 0
1 4 0.000000 0.000000 0.040000 0
1 5 0.000000 0.000000 0.048000 0
1 6 0.000000 0.000000 0.056000 0
1 7 0.000000 0.000000 0.056000 0
1 8 0.000000 0.000000 0.064000 0
1 9 0.001178 0.000000 0.072000 0
1 9 0.001178 0.001165 0.080000 1
1 10 0.001178 0.001165 0.088000 1
1 11 0.001178 0.001165 0.096000 2
1 12 0.038966 0.049615 0.104000 3
1 13 0.064415 0.049615 0.104000 4
1 14 0.064415 0.071857 0.112000 5
1 15 0.078224 0.096399 0.120000 6
1 16 0.110114 0.116571 0.128000 7
1 16 0.110114 0.136752 0.136000 8
1 17 0.126677 0.152116 0.144000 10
1 18 0.137862 0.166017 0.152000 11
1 19 0.150620 0.176777 0.160000 13
1 20 0.166884 0.176777 0.168000 15
1 21 0.178371 0.185853 0.176000 17
1 22 0.189499 0.196459 0.184000 19
1 23 0.198947 0.204339 0.192000 21
1 24 0.207180 0.208483 0.200000 23
1 25 0.212755 0.213629 0.200000 25
1 26 0.214270 0.214854 0.200000 27
1 27 0.220983 0.215825 0.200000 30
1 28 0.225011 0.219446 0.200000 32
1 29 0.225434 0.218638 0.200000 33
1 30 0.227571 0.217530 0.200000 36
1 30 0.227571 0.219445 0.200000 38
1 31 0.227077 0.214691 0.200000 40
1 32 0.224106 0.211528 0.200000 42
1 33 0.221128 0.210947 0.200000 44
1 34 0.216430 0.204622 0.200000 46
1 35 0.211062 0.204622 0.200000 48
1 36 0.207392 0.199505 0.200000 50
1 37 0.202783 0.197038 0.200000 52
1 38 0.196675 0.194641 0.200000 54
1 39 0.192030 0.190412 0.200000 56
1 40 0.188318 0.187519 0.200000 58
1 41 0.185119 0.188405 0.200000 59
1 42 0.181561 0.185940 0.200000 61
1 43 0.181268 0.185530 0.200000 63
1 44 0.180567 0.187655 0.200000 64
1 44 0.180567 0.190116 0.200000 66
1 45 0.182082 0.190662 0.200000 68
1 46 0.182015 0.191988 0.200000 70
1 47 0.185058 0.196656 0.200000 72
1 48 0.187448 0.196825 0.200000 74
1 49 0.190773 0.196825 0.200000 75
1 50 0.194118 0.198029 0.200000 77
1 51 0.198717 0.200765 0.200000 79
1 52 0.201196 0.204142 0.200000 81
1 53 0.201590 0.203611 0.200000 83
1 54 0.206247 0.202867 0.200000 86
1 55 0.207737 0.206667 0.200000 88
1 56 0.209131 0.205781 0.200000 89
1 57 0.212240 0.206260 0.200000 91
1 58 0.213191 0.209706 0.200000 93
1 58 0.213191 0.207190 0.200000 95
1 59 0.213793 0.205472 0.200000 98
1 60 0.213651 0.205855 0.200000 100
1 61 0.211412 0.206577 0.200000 102
1 62 0.208715 0.203796 0.200000 104
1 63 0.206767 0.203796 0.200000 106
1 64 0.205571 0.201814 0.200000 108
1 65 0.203783 0.202601 0.200000 110
1 66 0.199719 0.199113 0.200000 112
1 67 0.198169 0.197649 0.200000 114
1 68 0.195809 0.198988 0.200000 115
1 69 0.193263 0.196064 0.200000 117
1 70 0.193130 0.194598 0.200000 119
1 71 0.191860 0.194543 0.200000 121
1 72 0.191723 0.195484 0.200000 123
1 73 0.192041 0.194363 0.200000 125
1 74 0.193191 0.194055 0.200000 126
1 75 0.193915 0.197359 0.200000 128
1 75 0.194451 0.195750 0.200000 130
1 76 0.195657 0.196151 0.200000 132
1 77 0.196882 0.197536 0.200000 134
1 78 0.196882 0.199795 0.200000 136
1 79 0.197849 0.200119 0.200000 138
1 80 0.198080 0.200064 0.200000 141
1 81 0.199563 0.203772 0.200000 143
1 82 0.201016 0.201577 0.200000 145
1 83 0.200909 0.201590 0.200000 147
1 84 0.202913 0.204629 0.200000 149
1 85 0.202352 0.203444 0.200000 151
1 86 0.202930 0.202362 0.200000 153
1 87 0.203799 0.202687 0.200000 155
1 88 0.205024 0.202687 0.200000 157
1 89 0.204139 0.204132 0.200000 159
1 90 0.204846 0.202455 0.200000 161
1 91 0.205172 0.201318 0.200000 163
1 92 0.203964 0.203907 0.200000 165
1 93 0.201554 0.200286 0.200000 167
1 94 0.203140 0.199412 0.200000 169
1 95 0.201268 0.201455 0.200000 171
1 96 0.200697 0.199017 0.200000 173
1 97 0.200012 0.196835 0.200000 175
1 98 0.199699 0.197896 0.200000 177
1 99 0.198897 0.198669 0.200000 179
1 100 0.197804 0.197328 0.200000 181
1 101 0.197668 0.197020 0.200000 183
1 102 0.197684 0.199525 0.200000 186
1 103 0.195277 0.197684 0.200000 188
1 104 0.196957 0.197067 0.200000 190
1 105 0.196935 0.198093 0.200000 192
1 106 0.196678 0.200271 0.200000 194
1 107 0.197356 0.198905 0.200000 196
1 108 0.198274 0.199040 0.200000 198
1 109 0.199531 0.202418 0.200000 200
1 110 0.199624 0.200051 0.200000 202
1 111 0.199496 0.200404 0.200000 204
1 112 0.199737 0.203317 0.200000 206
1 113 0.200109 0.201098 0.200000 208
1 114 0.200752 0.200742 0.200000 210
1 115 0.202239 0.201010 0.200000 212
1 116 0.202238 0.201880 0.200000 214
1 117 0.202375 0.201449 0.200000 217
1 118 0.203618 0.200359 0.200000 219
1 119 0.203043 0.202107 0.200000 221
1 120 0.200694 0.200453 0.200000 223
1 121 0.201857 0.199328 0.200000 225
1 122 0.201347 0.199425 0.200000 227
1 123 0.200453 0.200907 0.200000 229
1 124 0.200726 0.198347 0.200000 231
1 125 0.201232 0.199110 0.200000 1
2 1 0.200677 0.200498 0.200000 2
2 2 0.199104 0.198793 0.200000 4
2 3 0.199715 0.198334 0.200000 6
2 3 0.199653 0.201327 0.200000 8
2 4 0.199653 0.198918 0.200000 10
2 5 0.199072 0.198490 0.200000 12
2 6 0.198912 0.199293 0.200000 13
2 7 0.199570 0.199293 0.200000 15
2 8 0.199528 0.200009 0.200000 17
2 9 0.199081 0.199354 0.200000 19
2 10 0.200015 0.198503 0.200000 21
2 11 0.199847 0.201794 0.200000 23
2 12 0.198614 0.199386 0.200000 25
2 13 0.200258 0.198943 0.200000 27
2 14 0.199782 0.202203 0.200000 29
2 15 0.199011 0.200515 0.200000 31
2 16 0.199447 0.199024 0.200000 33
2 17 0.199937 0.200661 0.200000 35
2 17 0.199711 0.201817 0.200000 37
2 18 0.199711 0.200557 0.200000 39
2 19 0.199211 0.199815 0.200000 41
2 20 0.199589 0.202644 0.200000 43
2 21 0.200420 0.200015 0.200000 45
2 22 0.199319 0.199492 0.200000 47
2 23 0.200229 0.199492 0.200000 49
2 24 0.199883 0.199699 0.200000 51
2 25 0.199999 0.200860 0.200000 53
2 26 0.199986 0.199463 0.200000 55
2 27 0.201439 0.199067 0.200000 57
2 28 0.200359 0.199853 0.200000 59
2 29 0.199457 0.199011 0.200000 61
2 30 0.200912 0.198264 0.200000 62
2 31 0.200158 0.201039 0.200000 64
2 32 0.200424 0.199171 0.200000 66
2 33 0.200477 0.197782 0.200000 68
2 34 0.200427 0.199206 0.200000 70
2 35 0.200635 0.200661 0.200000 72
2 35 0.199892 0.199454 0.200000 74
2 36 0.199892 0.199631 0.200000 76
2 37 0.200469 0.201972 0.200000 78
2 38 0.201052 0.200252 0.200000 80
2 39 0.199889 0.199708 0.200000 82
2 40 0.199747 0.201553 0.200000 84
2 41 0.200125 0.201553 0.200000 86
2 42 0.199766 0.200625 0.200000 88
2 43 0.199274 0.199731 0.200000 90
2 44 0.200909 0.200067 0.200000 92
2 45 0.200064 0.202147 0.200000 94
2 46 0.199094 0.200125 0.200000 96
2 47 0.200295 0.199592 0.200000 98
2 48 0.199883 0.202196 0.200000 100
2 49 0.198166 0.200115 0.200000 102
2 50 0.198992 0.198481 0.200000 104
2 51 0.198732 0.199679 0.200000 106
2 52 0.199299 0.200515 0.200000 108
2 53 0.199267 0.199193 0.200000 110
2 54 0.199563 0.198493 0.200000 111
2 55 0.200628 0.200609 0.200000 113
2 56 0.199473 0.198401 0.200000 115
2 57 0.201134 0.198223 0.200000 118
2 58 0.200762 0.201033 0.200000 120
2 58 0.200404 0.199078 0.200000 122
2 59 0.201121 0.198213 0.200000 124
2 60 0.201373 0.199030 0.200000 126
2 61 0.201373 0.201144 0.200000 128
2 62 0.199837 0.199190 0.200000 130
2 63 0.200106 0.199341 0.200000 132
2 64 0.200303 0.202485 0.200000 134
2 65 0.200404 0.200132 0.200000 136
2 66 0.198691 0.199728 0.200000 138
2 67 0.200528 0.200824 0.200000 140
2 68 0.199744 0.202002 0.200000 142
2 69 0.200193 0.200856 0.200000 144
2 70 0.199786 0.200511 0.200000 146
2 71 0.199670 0.200511 0.200000 148
2 72 0.201167 0.201863 0.200000 150
2 73 0.199354 0.200615 0.200000 152
2 74 0.200239 0.199841 0.200000 154
2 75 0.199975 0.201880 0.200000 156
2 76 0.198848 0.199818 0.200000 158
2 77 0.199750 0.198086 0.200000 160
2 78 0.198793 0.198449 0.200000 162
2 79 0.198375 0.200544 0.200000 164
2 80 0.198953 0.198302 0.200000 166
2 81 0.199463 0.198337 0.200000 168
2 82 0.200511 0.201390 0.200000 170
2 83 0.199954 0.199036 0.200000 172
2 84 0.199937 0.198500 0.200000 174
2 85 0.201007 0.200687 0.200000 176
2 86 0.201085 0.199647 0.200000 178
2 87 0.201003 0.199200 0.200000 180
2 88 0.200984 0.199902 0.200000 182
2 89 0.201268 0.201134 0.200000 184
2 90 0.200804 0.200544 0.200000 186
2 91 0.200941 0.199799 0.200000 188
2 92 0.200742 0.202727 0.200000 190
2 93 0.199274 0.200414 0.200000 192
2 94 0.200300 0.199402 0.200000 194
2 95 0.200531 0.200009 0.200000 196
2 95 0.199072 0.201975 0.200000 198
2 96 0.199505 0.199377 0.200000 200
2 97 0.199947 0.199624 0.200000 202
2 98 0.199947 0.200511 0.200000 204
2 99 0.200102 0.198720 0.200000 206
2 100 0.198697 0.198223 0.200000 208
2 101 0.199120 0.201206 0.200000 210
2 102 0.199174 0.199033 0.200000 213
2 103 0.199499 0.198522 0.200000 215
2 104 0.199345 0.199377 0.200000 217
2 105 0.200368 0.200534 0.200000 219
2 106 0.199773 0.199912 0.200000 221
2 107 0.199947 0.199290 0.200000 223
2 108 0.201046 0.202302 0.200000 225
2 109 0.199973 0.200303 0.200000 227
2 110 0.199075 0.199213 0.200000 229
2 111 0.200736 0.201478 0.200000 231
2 112 0.200180 0.200586 0.200000 233
2 113 0.199850 0.198992 0.200000 235
2 114 0.199705 0.200531 0.200000 237
2 115 0.199954 0.201514 0.200000 240
2 116 0.200443 0.199686 0.200000 242
2 117 0.199983 0.198570 0.200000 244
2 118 0.200096 0.201423 0.200000 246
2 119 0.201314 0.199171 0.200000 248
2 120 0.200115 0.198630 0.200000 250
2 121 0.200654 0.199319 0.200000 252
2 122 0.200755 0.200547 0.200000 254
2 123 0.200479 0.199908 0.200000 256
2 124 0.200248 0.199046 0.200000 258
2 125 0.201337 0.202111 0.200000 260
2 126 0.200707 0.199620 0.200000 262
2 127 0.199711 0.199499 0.200000 264
2 128 0.200984 0.202422 0.200000 266
2 129 0.200456 0.200372 0.200000 268
2 130 0.199360 0.198816 0.200000 271
2 131 0.199219 0.200203 0.200000 273
2 132 0.198826 0.201196 0.200000 275
2 133 0.198748 0.199841 0.200000 277
2 134 0.198283 0.199364 0.200000 279
2 135 0.198697 0.201880 0.200000 281
2 136 0.199705 0.199721 0.200000 283
2 137 0.198637 0.198915 0.200000 285
2 138 0.200271 0.199232 0.200000 287
2 139 0.199769 0.200109 0.200000 289
2 140 0.200041 0.198089 0.200000 291
2 141 0.200187 0.198099 0.200000 293
2 142 0.201505 0.200502 0.200000 295
2 143 0.200971 0.198379 0.200000 297
2 144 0.200177 0.198748 0.200000 299
2 145 0.201498 0.202025 0.200000 302
2 146 0.200277 0.199724 0.200000 304
2 147 0.198519 0.199197 0.200000 306
2 148 0.199676 0.200248 0.200000 308
2 149 0.199399 0.201524 0.200000 310
2 150 0.199377 0.200615 0.200000 312
2 151 0.199100 0.200472 0.200000 314
2 152 0.199161 0.202455 0.200000 316
2 153 0.200625 0.200697 0.200000 318
2 154 0.199402 0.199870 0.200000 320
2 155 0.200775 0.202680 0.200000 322
2 156 0.200958 0.200680 0.200000 324
2 157 0.200658 0.199544 0.200000 326
2 158 0.200951 0.199912 0.200000 329
2 159 0.202114 0.201327 0.200000 331
2 160 0.200594 0.199837 0.200000 333
2 161 0.200025 0.198832 0.200000 335
2 162 0.200476 0.201606 0.200000 337
2 163 0.199815 0.199402 0.200000 339
2 164 0.197725 0.197605 0.200000 341
2 165 0.198950 0.198870 0.200000 343
2 166 0.198379 0.199377 0.200000 345
2 167 0.199786 0.198678 0.200000 347
2 168 0.199557 0.198458 0.200000 349
2 169 0.199470 0.199504 0.200000 351
2 170 0.200573 0.199322 0.200000 353
2 171 0.199505 0.198385 0.200000 355
2 172 0.201023 0.202097 0.200000 357
2 173 0.200883 0.198662 0.200000 359
2 174 0.200200 0.198131 0.200000 362
2 175 0.201625 0.199219 0.200000 364
2 176 0.201341 0.200638 0.200000 366
2 177 0.200492 0.199412 0.200000 368
2 178 0.201016 0.199502 0.200000 370
2 179 0.201357 0.202810 0.200000 372
2 180 0.201219 0.200401 0.200000 374
2 181 0.199715 0.200206 0.200000 376
2 182 0.200502 0.200599 0.200000 378
2 183 0.199705 0.202093 0.200000 380
2 184 0.199666 0.199979 0.200000 382
2 185 0.199322 0.200932 0.200000 384
2 186 0.199312 0.201781 0.200000 386
2 187 0.199996 0.200971 0.200000 389
2 188 0.198589 0.199918 0.200000 391
2 189 0.199485 0.202604 0.200000 393
2 190 0.199602 0.200203 0.200000 395
2 191 0.198500 0.198950 0.200000 397
2 192 0.200316 0.199415 0.200000 399
2 193 0.200051 0.201272 0.200000 401
2 194 0.199271 0.198547 0.200000 403
2 195 0.199902 0.198305 0.200000 405
2 196 0.199824 0.200899 0.200000 407
2 197 0.200300 0.198443 0.200000 409
2 198 0.199136 0.198216 0.200000 411
2 199 0.199174 0.200694 0.200000 413
2 200 0.199315 0.198755 0.200000 415
2 201 0.199515 0.198112 0.200000 417
2 202 0.199470 0.199123 0.200000 420
2 203 0.200177 0.200051 0.200000 422
2 204 0.200243 0.198950 0.200000 424
2 205 0.200547 0.198956 0.200000 426
2 206 0.201616 0.201909 0.200000 428
2 207 0.201151 0.200206 0.200000 430
2 208 0.200073 0.198921 0.200000 432
2 209 0.201787 0.200573 0.200000 434
2 210 0.201314 0.201998 0.200000 436
2 211 0.200261 0.200736 0.200000 438
2 212 0.200472 0.200152 0.200000 440
2 213 0.200821 0.201804 0.200000 442
2 214 0.200886 0.200209 0.200000 444
2 215 0.199631 0.200022 0.200000 447
2 216 0.200077 0.202355 0.200000 449
2 217 0.199880 0.200096 0.200000 451
2 218 0.198391 0.199232 0.200000 453
2 219 0.198417 0.199776 0.200000 455
2 220 0.198583 0.200667 0.200000 457
2 221 0.198487 0.199912 0.200000 459
2 222 0.198883 0.198803 0.200000 461
2 223 0.200206 0.201876 0.193600 463
2 1 0.199799 0.199219 0.195200 465
2 2 0.199027 0.198175 0.195200 2
3 1 0.200615 0.199629 0.187200 4
3 2 0.199769 0.199629 0.179200 6
3 3 0.201603 0.193387 0.171200 8
3 4 0.207037 0.185775 0.163200 9
3 5 0.216657 0.175222 0.155200 10
3 6 0.225858 0.156440 0.147200 12
3 7 0.237353 -0.133196 0.147200 14
3 8 0.247779 0.119515 0.147200 16
3 9 0.255371 0.109093 0.147200 18
3 10 0.261177 0.096547 0.147200 19
3 11 0.263583 0.095887 0.147200 21
3 12 0.265181 0.080456 0.147200 23
3 13 0.264482 0.068251 0.147200 24
3 14 0.260385 0.068251 0.147200 26
3 15 0.255108 0.053779 0.147200 27
3 16 0.245717 0.053779 0.147200 29
3 17 0.235609 0.042162 0.147200 30
3 18 0.228601 0.042162 0.147200 30
3 19 0.217690 0.042162 0.147200 32
3 19 0.207020 0.041296 0.147200 33
3 20 0.207020 0.041296 0.147200 34
3 21 0.201033 0.049841 0.147200 36
3 22 0.192562 0.061604 0.147200 37
3 23 0.185870 0.061604 0.147200 38
3 24 0.180770 0.067917 0.147200 40
3 25 0.179994 0.094463 0.147200 41
3 26 0.178497 0.092928 0.147200 42
3 27 0.179855 0.095188 0.147200 44
3 28 0.182407 0.095188 0.147200 45
3 29 0.188908 0.100228 0.147200 47
3 30 0.195741 0.098792 0.147200 48
3 31 0.201662 0.096494 0.147200 50
3 32 0.210509 0.115853 0.147200 52
3 33 0.216110 0.104557 0.147200 53
3 34 0.223151 0.101868 0.147200 55
3 35 0.230579 0.096427 0.147200 57
3 36 0.237010 0.090997 0.147200 59
3 37 0.240699 0.090997 0.147200 60
3 38 0.245443 0.070079 0.147200 62
3 39 0.247938 0.094761 0.147200 63
3 40 0.245788 0.071009 0.147200 65
3 41 0.246260 0.071009 0.147200 66
3 42 0.242920 0.059635 0.147200 68
3 43 0.238900 0.062024 0.147200 69
3 44 0.234719 0.062024 0.147200 71
3 45 0.227713 0.055888 0.147200 72
3 46 0.221219 0.055888 0.147200 73
3 47 0.214900 0.056378 0.147200 75
3 48 0.208356 0.060423 0.147200 76
3 48 0.204031 0.060423 0.147200 77
3 49 0.204031 0.067380 0.147200 79
3 50 0.200619 0.074750 0.147200 80
3 51 0.196612 0.079296 0.147200 81
3 52 0.193233 0.084469 0.147200 83
3 53 0.192802 0.084469 0.147200 84
3 54 0.193227 0.073807 0.147200 86
3 55 0.194696 0.094313 0.147200 87
3 56 0.197447 0.096771 0.147200 89
3 57 0.201975 0.096544 0.147200 90
3 58 0.206154 0.096544 0.147200 92
3 59 0.208209 0.095732 0.147200 93
3 60 0.212853 0.091961 0.147200 95
3 61 0.218854 0.090133 0.147200 96
3 62 0.222677 0.086658 0.147200 98
3 63 0.228939 0.083073 0.147200 99
3 64 0.233297 0.078242 0.147200 101
3 65 0.233970 0.078242 0.147200 103
3 66 0.235546 0.072360 0.147200 104
3 67 0.235991 0.075021 0.147200 106
3 68 0.234135 0.068076 0.147200 107
3 69 0.232884 0.068076 0.147200 109
3 70 0.229713 0.066899 0.147200 110
3 71 0.226598 0.066931 0.147200 112
3 72 0.224835 0.066931 0.147200 113
3 73 0.220715 0.068193 0.147200 115
3 74 0.217007 0.070145 0.147200 116
3 75 0.215243 0.074113 0.147200 118
3 76 0.212824 0.074113 0.147200 119
3 77 0.209741 0.073927 0.147200 120
3 78 0.207487 0.083590 0.147200 122
3 79 0.205332 0.081818 0.147200 124
3 80 0.203344 0.083466 0.147200 125
3 81 0.204065 0.084649 0.147200 127
3 82 0.203434 0.084649 0.147200 128
3 83 0.204072 0.070831 0.147200 130
3 84 0.205527 0.094389 0.147200 131
3 85 0.205711 0.094826 0.147200 132
3 86 0.206754 0.082650 0.147200 134
3 87 0.209846 0.080539 0.147200 136
3 88 0.215030 0.077803 0.147200 137
3 89 0.219437 0.077803 0.147200 138
3 90 0.221128 0.071427 0.147200 140
3 91 0.225658 0.077494 0.147200 142
3 92 0.228478 0.072867 0.147200 143
3 93 0.228795 0.072867 0.147200 145
3 94 0.229696 0.067875 0.147200 146
3 95 0.228999 0.076747 0.147200 148
3 96 0.226510 0.071974 0.147200 150
3 97 0.225685 0.071974 0.147200 151
3 98 0.222493 0.069001 0.147200 152
3 99 0.219381 0.079117 0.147200 154
3 100 0.218271 0.076076 0.147200 156
3 101 0.216760 0.078995 0.147200 157
3 102 0.213984 0.078995 0.147200 158
3 103 0.213151 0.075166 0.147200 160
3 104 0.211559 0.088347 0.147200 162
3 105 0.209372 0.082167 0.147200 163
3 106 0.210391 0.082100 0.147200 165
3 107 0.211106 0.082165 0.147200 166
3 108 0.211275 0.082165 0.147200 168
3 109 0.212614 0.070074 0.147200 170
3 110 0.212890 0.094726 0.147200 171
3 111 0.212802 0.082556 0.147200 172
3 112 0.213077 0.078686 0.147200 174
3 113 0.215097 0.076226 0.147200 176
3 114 0.216374 0.076226 0.147200 177
3 115 0.217110 0.073551 0.147200 178
3 116 0.218483 0.073016 0.147200 180
3 117 0.219527 0.071594 0.147200 182
3 118 0.219763 0.071594 0.147200 183
3 119 0.222165 0.072608 0.147200 185
3 120 0.222673 0.074142 0.147200 186
3 121 0.222052 0.073730 0.147200 188
3 122 0.222665 0.073730 0.147200 190
3 123 0.222365 0.082442 0.147200 191
3 124 0.220277 0.078328 0.147200 192
3 125 0.220021 0.079276 0.147200 194
3 126 0.218769 0.079276 0.147200 196
3 127 0.216691 0.069965 0.147200 197
3 128 0.216878 0.094949 0.147200 199
3 129 0.215808 0.086759 0.147200 201
3 130 0.213644 0.082625 0.147200 202
3 131 0.213818 0.081086 0.147200 203
3 132 0.212521 0.080012 0.147200 205
3 133 0.211222 0.080012 0.147200 207
3 134 0.210954 0.074452 0.147200 208
3 135 0.212032 0.082285 0.147200 210
3 136 0.213051 0.078091 0.147200 211
3 137 0.215552 0.075378 0.147200 213
3 138 0.215746 0.075378 0.147200 214
3 140 0.216169 0.073864 0.147200 216
3 141 0.217228 0.074236 0.147200 217
3 142 0.217109 0.073818 0.147200 219
3 143 0.216809 0.073818 0.147200 220
3 144 0.217144 0.069479 0.147200 222
3 145 0.215950 0.080169 0.147200 224
3 146 0.214664 0.077352 0.147200 225
3 147 0.216485 0.076797 0.147200 227
3 148 0.217906 0.076797 0.147200 228
3 149 0.217837 0.075217 0.147200 230
3 150 0.219741 0.080737 0.147200 232
3 151 0.220668 0.078961 0.147200 233
3 152 0.220427 0.078826 0.147200 235
3 153 0.221858 0.078826 0.147200 237
3 154 0.221818 0.071138 0.147200 238
3 155 0.220722 0.094201 0.147200 239
3 156 0.221128 0.080191 0.147200 241
3 157 0.220191 0.080234 0.147200 243
3 158 0.218179 0.079063 0.147200 244
3 159 0.218533 0.079063 0.147200 246
3 160 0.217098 0.071943 0.147200 247
3 161 0.215477 0.084529 0.147200 249
3 162 0.215288 0.077482 0.147200 250
3 163 0.214530 0.077728 0.147200 252
3 164 0.213533 0.077728 0.147200 254
3 165 0.212546 0.080592 0.147200 255
3 166 0.211932 0.074426 0.147200 256
3 167 0.210706 0.074426 0.147200 258
3 168 0.211174 0.064448 0.147200 260
3 169 0.212711 0.087125 0.147200 261
3 170 0.213814 0.075307 0.147200 262
3 171 0.213884 0.076966 0.147200 264
3 172 0.215322 0.076966 0.147200 266
3 173 0.216203 0.071168 0.147200 267
3 174 0.215299 0.083046 0.147200 269
3 175 0.216631 0.077381 0.147200 270
3 176 0.216622 0.078338 0.147200 272
3 177 0.216992 0.078338 0.147200 273
3 178 0.216961 0.071371 0.147200 275
3 179 0.217974 0.088108 0.147200 277
3 180 0.219948 0.080722 0.147200 278
3 181 0.220132 0.078895 0.147200 279
3 183 0.220555 0.078609 0.147200 281
3 184 0.221846 0.078609 0.147200 283
3 185 0.221763 0.077318 0.147200 284
3 186 0.221298 0.078555 0.147200 286
3 187 0.221205 0.076870 0.147200 288
3 188 0.220171 0.077826 0.147200 290
3 189 0.219006 0.077826 0.147200 291
3 190 0.218186 0.075674 0.147200 293
3 191 0.216418 0.080233 0.147200 294
3 192 0.215840 0.076939 0.147200 296
3 193 0.215449 0.076405 0.147200 297
3 194 0.215690 0.076405 0.147200 299
3 195 0.214495 0.075888 0.147200 300
3 196 0.213419 0.076926 0.147200 302
3 197 0.213070 0.077656 0.147200 303
3 198 0.213029 0.078910 0.147200 305
3 199 0.211109 0.078910 0.147200 307
3 200 0.212395 0.075613 0.147200 308
3 201 0.213932 0.079631 0.147200 309
3 202 0.213663 0.077127 0.147200 311
3 203 0.215867 0.077303 0.147200 313
3 204 0.216559 0.077303 0.147200 314
3 205 0.216623 0.075268 0.147200 315
3 206 0.217106 0.079003 0.147200 317
3 207 0.215562 0.078133 0.147200 319
3 208 0.216243 0.076942 0.147200 320
3 209 0.216362 0.076942 0.147200 322
3 210 0.216771 0.079687 0.147200 323
3 211 0.216449 0.077801 0.147200 325
3 212 0.217440 0.077556 0.147200 326
3 213 0.218075 0.077556 0.147200 328
3 214 0.218599 0.074265 0.147200 330
3 215 0.218885 0.085132 0.147200 331
3 216 0.220757 0.078475 0.147200 333
3 217 0.220497 0.078432 0.147200 334
3 218 0.220600 0.078432 0.147200 336
3 219 0.221124 0.068912 0.147200 338
3 220 0.220013 0.089534 0.147200 339
3 221 0.220144 0.077243 0.147200 341
3 222 0.217559 0.078304 0.147200 342
3 223 0.216018 0.078304 0.147200 344
3 224 0.216339 0.067401 0.147200 345
3 225 0.216210 0.092273 0.147200 347
3 226 0.214712 0.076942 0.147200 349
3 228 0.214835 0.076227 0.147200 350
3 229 0.214783 0.076227 0.147200 351
3 230 0.212499 0.067480 0.147200 353
3 231 0.213037 0.084448 0.147200 354
3 232 0.212101 0.075981 0.147200 356
3 233 0.212539 0.077015 0.147200 358
3 234 0.214203 0.077015 0.147200 359
3 235 0.215075 0.072779 0.147200 361
3 236 0.215600 0.078528 0.147200 362
3 237 0.216888 0.075928 0.147200 364
3 238 0.217354 0.076675 0.147200 1
4 1 0.217083 0.076675 0.155200 2
4 2 0.217542 0.076712 0.163200 3
4 3 0.215793 0.079861 0.171200 5
4 3 0.215793 0.087122 0.179200 6
4 4 0.208965 0.095596 0.187200 7
4 5 0.202246 0.109101 0.195200 9
4 6 0.195228 0.109101 0.203200 10
4 7 0.186032 0.126859 0.203200 12
4 8 0.178017 0.147611 0.203200 14
4 9 0.172805 0.167762 0.203200 16
4 10 0.170647 0.187838 0.203200 17
4 11 0.166949 0.206384 0.203200 19
4 12 0.166459 0.223947 0.203200 22
4 13 0.167207 0.241727 0.203200 23
4 14 0.171264 0.252941 0.203200 25
4 15 0.177363 0.265483 0.203200 28
4 15 0.183784 0.269191 0.203200 30
4 16 0.183784 0.272626 0.203200 32
4 17 0.192018 0.273914 0.203200 35
4 18 0.197653 0.265793 0.203200 37
4 19 0.203270 0.262630 0.203200 39
4 20 0.211470 0.248382 0.203200 41
4 21 0.220209 0.248382 0.203200 44
4 22 0.225635 0.237779 0.203200 46
4 23 0.230132 0.224069 0.203200 48
4 24 0.234378 0.209301 0.203200 50
4 25 0.235762 0.198382 0.203200 52
4 26 0.236554 0.188485 0.203200 54
4 27 0.234563 0.176813 0.203200 56
4 28 0.230932 0.170271 0.203200 58
4 29 0.224944 0.162189 0.203200 60
4 30 0.217572 0.161044 0.203200 62
4 31 0.210523 0.158136 0.203200 63
4 32 0.203514 0.160889 0.203200 65
4 32 0.196631 0.165181 0.203200 67
4 33 0.191583 0.170819 0.203200 69
4 34 0.191583 0.176762 0.203200 71
4 35 0.185485 0.183694 0.203200 72
4 36 0.183229 0.191562 0.203200 74
4 37 0.181191 0.200038 0.203200 76
4 38 0.179289 0.203967 0.203200 78
4 39 0.179274 0.203967 0.203200 80
4 40 0.181303 0.210572 0.203200 82
4 41 0.182399 0.220450 0.203200 84
4 42 0.185530 0.223091 0.203200 86
4 43 0.189481 0.226518 0.203200 88
4 44 0.194528 0.232377 0.203200 90
4 45 0.199438 0.230506 0.203200 93
4 46 0.204045 0.228584 0.203200 95
4 47 0.207922 0.230227 0.203200 97
4 48 0.210373 0.225487 0.203200 99
4 49 0.213103 0.220560 0.203200 101
4 50 0.217221 0.219804 0.203200 103
4 51 0.219758 0.212400 0.203200 105
4 52 0.220168 0.206567 0.203200 107
4 52 0.221842 0.201426 0.203200 109
4 53 0.220828 0.198388 0.203200 111
4 54 0.218789 0.192907 0.203200 114
4 55 0.218789 0.189299 0.203200 116
4 56 0.216752 0.190415 0.203200 118
4 57 0.213103 0.187354 0.203200 120
4 58 0.209411 0.185976 0.203200 122
4 59 0.205876 0.186591 0.203200 123
4 60 0.202742 0.188316 0.203200 125
4 61 0.198669 0.188804 0.203200 127
4 62 0.196531 0.190585 0.203200 129
4 63 0.195219 0.196176 0.203200 131
4 64 0.193647 0.196612 0.203200 133
4 65 0.191376 0.196612 0.203200 135
4 66 0.190809 0.198816 0.203200 137
4 67 0.190723 0.199219 0.203200 139
4 68 0.191095 0.202906 0.203200 142
4 69 0.192319 0.205142 0.203200 144
4 70 0.194418 0.207339 0.203200 146
4 71 0.196976 0.210960 0.203200 148
4 72 0.198048 0.211840 0.203200 150
4 73 0.201708 0.212411 0.203200 152
4 74 0.203370 0.216597 0.203200 154
4 75 0.203283 0.214153 0.203200 156
4 76 0.204267 0.213869 0.203200 158
4 77 0.207027 0.216040 0.203200 160
4 78 0.209365 0.211687 0.203200 162
4 79 0.210048 0.208623 0.203200 164
4 80 0.211658 0.207294 0.203200 167
4 81 0.212415 0.206252 0.203200 169
4 82 0.211564 0.201623 0.203200 171
4 83 0.213147 0.200196 0.203200 173
4 84 0.212009 0.200109 0.203200 175
4 85 0.209567 0.197356 0.203200 177
4 86 0.207834 0.195614 0.203200 179
4 87 0.206034 0.198966 0.203200 181
4 88 0.204771 0.195701 0.203200 183
4 89 0.202508 0.196185 0.203200 185
4 89 0.201141 0.196572 0.203200 187
4 90 0.199863 0.198656 0.203200 189
4 91 0.198036 0.198611 0.203200 191
4 92 0.198036 0.198710 0.203200 193
4 93 0.196756 0.202930 0.203200 195
4 94 0.196519 0.201745 0.203200 197
4 95 0.195843 0.201886 0.203200 199
4 96 0.196253 0.205435 0.203200 201
4 97 0.197432 0.205244 0.203200 203
4 98 0.197940 0.205554 0.203200 205
4 99 0.198618 0.206574 0.203200 207
4 100 0.200368 0.207841 0.203200 209
4 101 0.202170 0.207294 0.203200 211
4 102 0.202853 0.206754 0.203200 214
4 103 0.203917 0.207054 0.203200 216
4 104 0.204992 0.205370 0.203200 218
4 105 0.205360 0.203756 0.203200 220
4 106 0.203786 0.206013 0.203200 222
4 107 0.205203 0.202757 0.203200 224
4 108 0.206240 0.201570 0.203200 226
4 109 0.206574 0.202329 0.203200 228
4 110 0.207426 0.203080 0.203200 231
4 111 0.207069 0.201508 0.203200 233
4 112 0.206140 0.201148 0.203200 235
4 113 0.207642 0.202591 0.203200 237
4 114 0.206788 0.201295 0.203200 239
4 115 0.205260 0.201239 0.203200 241
4 116 0.205674 0.203658 0.203200 243
4 117 0.204210 0.201837 0.203200 245
4 118 0.203377 0.201629 0.203200 248
4 119 0.202319 0.202302 0.203200 250
4 120 0.202471 0.203991 0.203200 252
4 121 0.202048 0.203130 0.203200 254
4 122 0.200209 0.203170 0.203200 256
4 123 0.201304 0.204252 0.203200 258
4 124 0.200524 0.203867 0.203200 260
4 125 0.200046 0.203860 0.203200 262
4 126 0.201282 0.206065 0.203200 264
4 127 0.201183 0.203712 0.203200 266
4 128 0.199682 0.203020 0.203200 268
4 129 0.199905 0.203826 0.203200 270
4 130 0.201501 0.204717 0.203200 272
4 131 0.201843 0.203193 0.203200 275
4 132 0.201926 0.202835 0.203200 277
4 133 0.202544 0.203273 0.203200 279
4 134 0.202524 0.201436 0.203200 281
4 135 0.203729 0.201200 0.203200 283
4 136 0.204450 0.203920 0.203200 285
4 137 0.205281 0.201636 0.203200 287
4 138 0.205159 0.201337 0.203200 289
4 139 0.205414 0.201909 0.203200 292
4 140 0.206243 0.203618 0.203200 294
4 141 0.205941 0.202733 0.203200 296
4 142 0.204822 0.202871 0.203200 298
4 143 0.206602 0.204514 0.203200 300
4 144 0.205710 0.203123 0.203200 302
4 145 0.203984 0.203746 0.203200 304
4 146 0.205172 0.205660 0.203200 306
4 147 0.203799 0.203237 0.203200 308
4 148 0.203076 0.202870 0.203200 311
4 149 0.202468 0.203303 0.203200 313
4 150 0.203153 0.204700 0.203200 315
4 151 0.202342 0.203447 0.203200 317
4 152 0.200128 0.203260 0.203200 319
4 153 0.201952 0.204507 0.203200 321
4 154 0.201515 0.202986 0.203200 323
4 155 0.200239 0.202724 0.203200 325
4 156 0.201616 0.205322 0.203200 327
4 157 0.201741 0.202803 0.203200 329
4 158 0.201216 0.202236 0.203200 331
4 159 0.202183 0.202617 0.203200 334
4 160 0.203030 0.203917 0.203200 336
4 161 0.203598 0.202446 0.203200 338
4 162 0.202737 0.202170 0.203200 340
4 163 0.204467 0.203685 0.203200 342
4 164 0.203881 0.202233 0.203200 344
4 165 0.202259 0.201929 0.203200 346
4 166 0.203981 0.204190 0.203200 348
4 167 0.203715 0.202124 0.203200 350
4 168 0.203293 0.201840 0.203200 352
4 169 0.203434 0.201942 0.203200 355
4 170 0.204291 0.204112 0.203200 357
4 171 0.204173 0.202909 0.203200 359
4 172 0.203297 0.202743 0.203200 361
4 173 0.204768 0.204416 0.203200 363
4 174 0.204351 0.203441 0.203200 365
4 175 0.203417 0.203183 0.203200 367
4 176 0.204958 0.205462 0.203200 369
4 177 0.204338 0.203601 0.203200 371
4 178 0.202860 0.202753 0.203200 374
4 179 0.203063 0.202790 0.203200 376
4 180 0.204075 0.204231 0.203200 378
4 181 0.203183 0.202614 0.203200 380
4 182 0.202008 0.202773 0.203200 382
4 183 0.202494 0.204399 0.203200 384
4 184 0.201975 0.202946 0.203200 386
4 185 0.201262 0.202760 0.203200 388
4 186 0.202973 0.205145 0.203200 390
4 187 0.202724 0.202624 0.203200 392
4 188 0.202068 0.202276 0.203200 395
4 189 0.202876 0.202508 0.203200 397
4 190 0.203655 0.203839 0.203200 399
4 191 0.203467 0.202210 0.203200 401
4 192 0.202302 0.202104 0.203200 403
4 193 0.203532 0.203695 0.203200 405
4 194 0.203511 0.202485 0.203200 407
4 195 0.202329 0.202548 0.203200 409
4 196 0.202870 0.204710 0.203200 411
4 197 0.202960 0.203093 0.203200 413
4 198 0.202253 0.202601 0.203200 416
4 199 0.203133 0.203046 0.203200 418
4 200 0.204021 0.204454 0.203200 420
4 201 0.203695 0.202617 0.203200 422
4 202 0.202956 0.203013 0.203200 424
4 203 0.204175 0.204136 0.203200 426
4 204 0.203427 0.203561 0.203200 428
4 205 0.202710 0.203000 0.203200 430
4 206 0.204038 0.205540 0.203200 432
4 207 0.203769 0.203050 0.203200 435
4 208 0.203060 0.202587 0.203200 437
4 209 0.203783 0.204141 0.203200 439
4 210 0.204795 0.202273 0.203200 441
4 211 0.203772 0.201837 0.203200 443
4 212 0.203975 0.202117 0.203200 445
4 213 0.205145 0.203843 0.203200 447
4 214 0.204122 0.202220 0.203200 449
4 215 0.203280 0.202021 0.203200 451
4 216 0.204890 0.204609 0.203200 454
4 217 0.204072 0.202551 0.203200 456
4 218 0.203414 0.202405 0.203200 458
4 219 0.203173 0.204189 0.203200 460
4 220 0.203971 0.202976 0.203200 462
4 221 0.202437 0.202780 0.203200 464
4 222 0.202216 0.203166 0.203200 1
5 1 0.202960 0.203166 0.203200 3
5 2 0.202147 0.204697 0.203200 5
5 3 0.201072 0.203036 0.203200 7
5 4 0.202753 0.202910 0.203200 9
5 5 0.201916 0.205339 0.203200 11
5 6 0.200804 0.203100 0.203200 13
5 7 0.201508 0.202621 0.203200 14
5 8 0.202481 0.204362 0.203200 16
5 8 0.202481 0.202820 0.203200 18
5 9 0.202408 0.202352 0.203200 20
5 10 0.201965 0.202923 0.203200 22
5 11 0.203110 0.204237 0.203200 24
5 12 0.203484 0.204237 0.203200 26
5 13 0.202607 0.202594 0.203200 28
5 14 0.203317 0.202953 0.203200 30
5 15 0.203541 0.205366 0.203200 32
5 16 0.203056 0.202644 0.203200 34
5 17 0.203759 0.202018 0.203200 36
5 18 0.204500 0.205285 0.203200 38
5 19 0.204443 0.202514 0.203200 40
5 20 0.203895 0.201616 0.203200 42
5 21 0.204832 0.202160 0.203200 44
5 22 0.204764 0.203712 0.203200 46
5 23 0.203270 0.202587 0.203200 48
5 24 0.205472 0.202422 0.203200 50
5 24 0.204527 0.205043 0.203200 52
5 25 0.204527 0.202800 0.203200 54
5 26 0.203581 0.202410 0.203200 56
5 27 0.203678 0.205189 0.203200 58
5 28 0.204290 0.202687 0.203200 60
5 29 0.202940 0.201942 0.203200 62
5 30 0.202843 0.201942 0.203200 64
5 31 0.203917 0.202960 0.203200 66
5 32 0.202362 0.204072 0.203200 68
5 33 0.200476 0.202750 0.203200 70
5 34 0.202061 0.202714 0.203200 72
5 35 0.201712 0.205172 0.203200 74
5 36 0.201026 0.202903 0.203200 76
5 37 0.201731 0.202172 0.203200 78
5 38 0.202621 0.205104 0.203200 80
5 39 0.201987 0.202548 0.203200 82
5 40 0.202451 0.202263 0.203200 84
5 41 0.203860 0.202475 0.203200 86
5 42 0.203598 0.204008 0.203200 88
5 42 0.201955 0.202697 0.203200 90
5 43 0.201955 0.202604 0.203200 92
5 44 0.204257 0.205094 0.203200 94
5 45 0.202750 0.202783 0.203200 96
5 46 0.201758 0.202064 0.203200 98
5 47 0.202621 0.204483 0.203200 100
5 48 0.203334 0.202438 0.203200 102
5 49 0.203287 0.202438 0.203200 104
5 50 0.203806 0.202028 0.203200 106
5 51 0.204632 0.202504 0.203200 108
5 52 0.204744 0.203867 0.203200 110
5 53 0.203830 0.202807 0.203200 112
5 54 0.204846 0.202767 0.203200 114
5 55 0.205080 0.204703 0.203200 116
5 56 0.203678 0.202601 0.203200 118
5 57 0.204284 0.202667 0.203200 121
5 58 0.204793 0.205111 0.203200 123
5 59 0.203494 0.203160 0.203200 125
5 60 0.203672 0.202720 0.203200 127
5 61 0.204609 0.202946 0.203200 129
5 62 0.203126 0.204443 0.203200 131
5 63 0.199992 0.203166 0.203200 133
5 64 0.201111 0.202896 0.203200 135
5 65 0.201013 0.205121 0.203200 137
5 66 0.200466 0.202541 0.203200 139
5 67 0.201380 0.202667 0.203200 141
5 68 0.202120 0.205152 0.203200 143
5 69 0.202161 0.202657 0.203200 145
5 70 0.202820 0.202193 0.203200 147
5 71 0.203431 0.202282 0.203200 149
5 72 0.204582 0.203903 0.203200 151
5 73 0.203227 0.202120 0.203200 153
5 73 0.205486 0.201675 0.203200 155
5 74 0.205135 0.204001 0.203200 157
5 75 0.204379 0.202051 0.203200 159
5 76 0.204379 0.202431 0.203200 161
5 77 0.205521 0.204771 0.203200 163
5 78 0.205237 0.202770 0.203200 165
5 79 0.204200 0.202266 0.203200 168
5 80 0.204487 0.202820 0.203200 170
5 81 0.205213 0.204159 0.203200 172
5 82 0.203783 0.202823 0.203200 174
5 83 0.201643 0.202644 0.203200 176
5 84 0.203063 0.204904 0.203200 178
5 85 0.202144 0.202809 0.203200 180
5 86 0.200824 0.202809 0.203200 182
5 87 0.201763 0.203006 0.203200 184
5 88 0.201817 0.205063 0.203200 186
5 89 0.201020 0.203113 0.203200 188
5 90 0.201725 0.202710 0.203200 190
5 91 0.202597 0.202790 0.203200 192
5 92 0.202867 0.203924 0.203200 194
5 93 0.201843 0.202647 0.203200 196
5 94 0.203635 0.202395 0.203200 198
5 95 0.203193 0.203613 0.203200 200
5 96 0.202667 0.203066 0.203200 202
5 97 0.203525 0.202833 0.203200 204
5 98 0.203160 0.204985 0.203200 207
5 99 0.202107 0.203126 0.203200 209
5 100 0.203397 0.202594 0.203200 211
5 101 0.204058 0.202508 0.203200 213
5 102 0.204379 0.204659 0.203200 215
5 103 0.203377 0.203126 0.203200 217
5 104 0.205005 0.202940 0.203200 219
5 105 0.204737 0.203897 0.203200 221
5 106 0.203893 0.202730 0.203200 223
5 107 0.205058 0.202478 0.203200 225
5 108 0.204771 0.204907 0.203200 228
5 109 0.203752 0.202607 0.203200 230
5 110 0.204041 0.201880 0.203200 232
5 111 0.205053 0.202206 0.203200 234
5 112 0.203954 0.203410 0.203200 236
5 113 0.202724 0.203096 0.203200 238
5 114 0.203994 0.202637 0.203200 240
5 115 0.203289 0.203921 0.203200 242
5 116 0.201889 0.203310 0.203200 244
5 117 0.202993 0.203083 0.203200 247
5 118 0.202478 0.205339 0.203200 249
5 119 0.201689 0.203327 0.203200 251
5 120 0.201906 0.202923 0.203200 253
5 121 0.202094 0.203090 0.203200 255
5 122 0.200834 0.204494 0.203200 257
5 123 0.200187 0.203056 0.203200 259
5 124 0.201797 0.203017 0.203200 261
5 125 0.201708 0.204237 0.203200 263
5 126 0.201725 0.202850 0.203200 265
5 127 0.202419 0.202617 0.203200 267
5 128 0.202544 0.204517 0.203200 270
5 129 0.203213 0.202740 0.203200 272
5 130 0.203280 0.201936 0.203200 274
5 131 0.203474 0.202259 0.203200 276
5 132 0.204385 0.203759 0.203200 278
5 133 0.203384 0.202428 0.203200 280
5 134 0.205264 0.202523 0.203200 282
5 135 0.204951 0.203689 0.203200 284
5 136 0.204531 0.202130 0.203200 286
5 137 0.206271 0.201801 0.203200 289
5 138 0.205517 0.204045 0.203200 291
5 139 0.204463 0.202508 0.203200 293
5 140 0.204602 0.202104 0.203200 295
5 141 0.205486 0.202743 0.203200 297
5 142 0.205121 0.204220 0.203200 299
5 143 0.203016 0.203528 0.203200 301
5 144 0.203915 0.203456 0.203200 303
5 145 0.203374 0.204609 0.203200 305
5 146 0.201439 0.203120 0.203200 308
5 147 0.202153 0.203377 0.203200 310
5 148 0.200469 0.205298 0.203200 312
5 149 0.199779 0.203270 0.203200 314
5 150 0.200437 0.202896 0.203200 316
5 151 0.201318 0.203103 0.203200 318
5 152 0.201669 0.204507 0.203200 320
5 153 0.200945 0.203207 0.203200 322
5 154 0.202724 0.202700 0.203200 324
5 155 0.202777 0.204139 0.203200 326
5 156 0.203360 0.202843 0.203200 328
5 157 0.204921 0.202554 0.203200 331
5 158 0.205176 0.204775 0.203200 333
5 159 0.205005 0.202528 0.203200 335
5 160 0.205811 0.202064 0.203200 337
5 161 0.206536 0.202316 0.203200 339
5 162 0.205684 0.203766 0.203200 341
5 163 0.204392 0.202161 0.203200 343
5 164 0.205788 0.201906 0.203200 345
5 165 0.204893 0.203210 0.203200 348
5 166 0.202926 0.202960 0.203200 350
5 167 0.203648 0.202538 0.203200 352
5 168 0.203400 0.204483 0.203200 354
5 169 0.202150 0.203150 0.203200 356
5 170 0.201715 0.202319 0.203200 358
5 171 0.202081 0.202817 0.203200 360
5 172 0.201200 0.203907 0.203200 362
5 173 0.199728 0.202355 0.203200 364
5 174 0.201702 0.202355 0.203200 366
5 175 0.201278 0.204004 0.203200 368
5 176 0.200352 0.203187 0.203200 371
5 177 0.202035 0.202787 0.203200 373
5 178 0.202015 0.205002 0.203200 375
5 179 0.201791 0.203146 0.203200 377
5 180 0.201860 0.202650 0.203200 379
5 181 0.202946 0.202970 0.203200 381
5 182 0.203692 0.204474 0.203200 383
5 183 0.202793 0.202817 0.203200 385
5 184 0.204626 0.203056 0.203200 387
5 185 0.204571 0.204423 0.203200 389
5 186 0.204406 0.203514 0.203200 392
5 187 0.205753 0.203016 0.203200 394
5 188 0.205322 0.205176 0.203200 396
5 189 0.204693 0.203100 0.203200 398
5 190 0.205155 0.202455 0.203200 400
5 191 0.206061 0.202471 0.203200 402
5 192 0.204992 0.204240 0.203200 404
5 193 0.203794 0.202375 0.203200 406
5 194 0.204771 0.202614 0.203200 409
5 195 0.203893 0.203715 0.203200 411
5 196 0.202266 0.202890 0.203200 413
5 197 0.203150 0.202807 0.203200 415
5 198 0.201662 0.204819 0.203200 417
5 199 0.200974 0.202657 0.203200 419
5 200 0.201108 0.202196 0.203200 421
5 201 0.202130 0.203827 0.203200 423
5 202 0.201590 0.202704 0.203200 425
5 203 0.201275 0.202137 0.203200 427
5 204 0.202730 0.202408 0.203200 429
5 205 0.202236 0.203578 0.203200 432
5 206 0.202051 0.202471 0.203200 434
5 207 0.203364 0.201952 0.203200 436
5 208 0.202996 0.203914 0.203200 438
5 209 0.202081 0.202395 0.203200 440
5 210 0.202654 0.201955 0.203200 442
5 211 0.202650 0.202508 0.203200 444
5 212 0.202279 0.204173 0.203200 446
5 213 0.201488 0.202561 0.203200 448
5 214 0.203060 0.203163 0.203200 450
5 215 0.204004 0.204626 0.203200 453
5 216 0.203237 0.203927 0.203200 455
5 217 0.204812 0.203668 0.203200 457
5 218 0.204771 0.205917 0.203200 459
5 219 0.204389 0.203964 0.203200 461
5 1 0.205128 0.203461 0.204800 463
5 2 0.205972 0.204958 0.198400 0
6 1 0.204815 0.203575 0.190400 2
6 2 0.204666 0.203016 0.182400 4
6 3 0.201528 0.205182 0.174400 6
6 3 0.201528 0.211568 0.166400 7
6 4 0.191506 0.217038 0.158400 9
6 5 0.179873 0.226670 0.150400 10
6 6 0.164430 0.237382 0.150400 12
6 7 -0.145338 0.242564 0.150400 14
6 8 0.119169 0.249570 0.150400 15
6 9 0.107678 0.249570 0.150400 17
6 10 0.098702 0.256540 0.150400 19
6 11 0.088352 0.257849 0.150400 21
6 12 0.088352 0.262959 0.150400 22
6 13 0.071130 0.258521 0.150400 24
6 14 0.067557 0.256232 0.150400 26
6 15 0.067557 0.253213 0.150400 27
6 16 0.052091 0.244161 0.150400 28
6 17 0.052091 0.237523 0.150400 30
6 18 0.046215 0.229381 0.150400 31
6 19 0.046215 0.216680 0.150400 32
6 20 0.045788 0.209177 0.150400 33
6 21 0.045788 0.204021 0.150400 35
6 22 0.053131 0.198736 0.150400 36
6 23 0.053131 0.194012 0.150400 37
6 24 0.057027 0.194012 0.150400 38
6 25 0.083240 0.189848 0.150400 40
6 26 0.078844 0.188793 0.150400 41
6 26 0.086782 0.191127 0.150400 43
6 27 0.086782 0.195995 0.150400 44
6 28 0.094050 0.198595 0.150400 46
6 29 0.099051 0.203739 0.150400 47
6 30 0.101121 0.211934 0.150400 49
6 31 0.103597 0.216263 0.150400 51
6 32 0.103633 0.222101 0.150400 52
6 33 0.102232 0.231995 0.150400 54
6 34 0.100687 0.237624 0.150400 56
6 35 0.098747 0.241075 0.150400 57
6 36 0.094892 0.247121 0.150400 59
6 37 0.089638 0.247121 0.150400 60
6 38 0.085017 0.246799 0.150400 62
6 39 0.079354 0.249263 0.150400 64
6 40 0.079354 0.249978 0.150400 66
6 41 0.071528 0.245127 0.150400 67
6 42 0.073832 0.244502 0.150400 69
6 43 0.067935 0.238136 0.150400 70
6 44 0.067935 0.231899 0.150400 71
6 45 0.065078 0.229411 0.150400 73
6 46 0.064757 0.222249 0.150400 74
6 47 0.064757 0.215189 0.150400 76
6 48 0.066258 0.214003 0.150400 77
6 49 0.068761 0.208778 0.150400 79
6 50 0.068761 0.204102 0.150400 80
6 51 0.067755 0.201689 0.150400 81
6 52 0.082168 0.200638 0.150400 83
6 53 0.080821 0.199773 0.150400 84
6 54 0.081443 0.199328 0.150400 85
6 55 0.082515 0.203762 0.150400 86
6 56 0.082515 0.204775 0.150400 88
6 56 0.075977 0.208648 0.150400 90
6 57 0.075977 0.215333 0.150400 91
6 58 0.094672 0.216798 0.150400 93
6 59 0.091371 0.219733 0.150400 94
6 60 0.089166 0.225961 0.150400 96
6 61 0.089449 0.225310 0.150400 98
6 62 0.088424 0.228204 0.150400 99
6 63 0.086302 0.234866 0.150400 101
6 64 0.085038 0.235717 0.150400 102
6 65 0.082641 0.236234 0.150400 104
6 66 0.082641 0.239980 0.150400 106
6 67 0.077780 0.237496 0.150400 108
6 68 0.081319 0.236365 0.150400 109
6 69 0.076835 0.235527 0.150400 110
6 70 0.074769 0.231117 0.150400 112
6 71 0.074769 0.228855 0.150400 114
6 72 0.073367 0.227217 0.150400 115
6 73 0.072846 0.222573 0.150400 117
6 74 0.073006 0.219406 0.150400 118
6 75 0.073006 0.217669 0.150400 120
6 76 0.073874 0.214073 0.150400 121
6 77 0.075174 0.212707 0.150400 123
6 78 0.075684 0.214073 0.150400 124
6 79 0.075684 0.214073 0.150400 126
6 80 0.067722 0.208190 0.150400 127
6 81 0.090969 0.208190 0.150400 129
6 82 0.080767 0.210602 0.150400 130
6 83 0.082379 0.208810 0.150400 132
6 84 0.083349 0.209276 0.150400 133
6 85 0.083157 0.212331 0.150400 135
6 86 0.083157 0.215491 0.150400 136
6 87 0.077443 0.216430 0.150400 138
6 88 0.090392 0.219250 0.150400 140
6 89 0.082350 0.222613 0.150400 141
6 90 0.082038 0.221511 0.150400 142
6 91 0.081036 0.223015 0.150400 144
6 92 0.081036 0.226565 0.150400 146
6 93 0.069554 0.227354 0.150400 148
6 94 0.092757 0.229987 0.150400 149
6 95 0.078682 0.232674 0.150400 150
6 96 0.077799 0.231280 0.150400 152
6 97 0.076701 0.230716 0.150400 154
6 98 0.076701 0.231419 0.150400 155
6 99 0.076726 0.227838 0.150400 157
6 100 0.076604 0.227893 0.150400 158
6 101 0.076812 0.227678 0.150400 160
6 102 0.076812 0.222609 0.150400 162
6 103 0.066551 0.221053 0.150400 163
6 104 0.091892 0.215326 0.150400 164
6 105 0.077955 0.214508 0.150400 166
6 106 0.078610 0.215648 0.150400 168
6 107 0.079650 0.214069 0.150400 169
6 108 0.079650 0.214478 0.150400 171
6 109 0.076195 0.217312 0.150400 173
6 110 0.084767 0.216597 0.150400 174
6 111 0.080667 0.217557 0.150400 175
6 112 0.080161 0.220032 0.150400 177
6 113 0.079662 0.219980 0.150400 179
6 114 0.077636 0.219948 0.150400 180
6 115 0.081170 0.222844 0.150400 182
6 116 0.079573 0.222926 0.150400 184
6 117 0.079576 0.223401 0.150400 185
6 119 0.079576 0.225862 0.150400 187
6 119 0.069991 0.225990 0.150400 188
6 121 0.092373 0.224615 0.150400 190
6 122 0.079779 0.225796 0.150400 192
6 123 0.078805 0.221816 0.150400 193
6 124 0.078294 0.220935 0.150400 195
6 125 0.078294 0.223240 0.150400 196
6 126 0.075370 0.219586 0.150400 198
6 127 0.080655 0.219231 0.150400 200
6 128 0.078459 0.221417 0.150400 201
6 129 0.079349 0.218402 0.150400 203
6 130 0.079349 0.217981 0.150400 205
6 131 0.071124 0.221516 0.150400 206
6 132 0.087971 0.219060 0.150400 207
6 133 0.079593 0.219272 0.150400 209
6 134 0.080069 0.222769 0.150400 211
6 135 0.079321 0.220560 0.150400 212
6 136 0.079321 0.219890 0.150400 214
6 137 0.076496 0.222265 0.150400 215
6 138 0.082206 0.221041 0.150400 217
6 139 0.079249 0.220011 0.150400 219
6 140 0.078861 0.222481 0.150400 220
6 141 0.078861 0.221128 0.150400 222
6 142 0.070129 0.220191 0.150400 224
6 143 0.091046 0.220962 0.150400 225
6 144 0.079783 0.222342 0.150400 226
6 145 0.080123 0.220588 0.150400 228
6 146 0.080421 0.221255 0.150400 230
6 147 0.080421 0.222925 0.150400 231
6 148 0.073178 0.220667 0.150400 233
6 149 0.085196 0.222340 0.150400 234
6 150 0.078875 0.220074 0.150400 236
6 151 0.078802 0.220832 0.150400 238
6 152 0.078802 0.222553 0.150400 239
6 153 0.068199 0.221392 0.150400 241
6 154 0.093184 0.222113 0.150400 243
6 155 0.079928 0.224094 0.150400 244
6 156 0.079532 0.223247 0.150400 246
6 157 0.078795 0.224415 0.150400 247
6 158 0.078795 0.226399 0.150400 249
6 159 0.073581 0.225075 0.150400 251
6 160 0.077870 0.224615 0.150400 252
6 161 0.078287 0.225602 0.150400 253
6 162 0.078287 0.222676 0.150400 255
6 163 0.070973 0.221263 0.150400 257
6 164 0.089737 0.221771 0.150400 258
6 166 0.079444 0.219087 0.150400 260
6 167 0.079937 0.217746 0.150400 262
6 168 0.079928 0.218812 0.150400 263
6 169 0.079928 0.216805 0.150400 264
6 170 0.074925 0.216297 0.150400 266
6 171 0.083864 0.218243 0.150400 268
6 172 0.079438 0.217917 0.150400 270
6 173 0.078311 0.218356 0.150400 271
6 174 0.078311 0.222309 0.150400 273
6 175 0.069033 0.220720 0.150400 274
6 176 0.090667 0.221878 0.150400 276
6 177 0.079201 0.224839 0.150400 278
6 178 0.079653 0.222233 0.150400 279
6 179 0.079761 0.222049 0.150400 281
6 180 0.079761 0.224847 0.150400 283
6 181 0.074867 0.221715 0.150400 284
6 182 0.085752 0.221294 0.150400 285
6 183 0.079260 0.224138 0.150400 287
6 184 0.079621 0.221536 0.150400 289
6 185 0.079621 0.220154 0.150400 290
6 186 0.067031 0.223224 0.150400 292
6 187 0.094675 0.220607 0.150400 293
6 188 0.079837 0.219220 0.150400 295
6 189 0.080031 0.222425 0.150400 297
6 190 0.079219 0.220007 0.150400 298
6 191 0.079219 0.218746 0.150400 300
6 192 0.071951 0.221442 0.150400 302
6 193 0.084867 0.220117 0.150400 303
6 194 0.077251 0.221688 0.150400 304
6 195 0.077380 0.220340 0.150400 306
6 196 0.077380 0.219324 0.150400 308
6 197 0.070839 0.220517 0.150400 309
6 198 0.086746 0.222366 0.150400 310
6 199 0.078459 0.220324 0.150400 312
6 200 0.078177 0.221108 0.150400 314
6 201 0.078177 0.223712 0.150400 316
6 202 0.068162 0.221671 0.150400 317
6 203 0.093562 0.223567 0.150400 319
6 204 0.079575 0.226068 0.150400 320
6 205 0.079899 0.224272 0.150400 322
6 206 0.079552 0.225524 0.150400 323
6 207 0.072641 0.227206 0.150400 325
6 208 0.086770 0.223907 0.150400 327
6 209 0.079912 0.223838 0.150400 328
6 210 0.080118 0.224134 0.150400 330
6 212 0.080083 0.220383 0.150400 331
6 213 0.080083 0.220066 0.150400 333
6 214 0.076422 0.220501 0.150400 335
6 215 0.084805 0.218284 0.150400 336
6 216 0.080012 0.217427 0.150400 338
6 217 0.079392 0.218325 0.150400 340
6 218 0.079392 0.217049 0.150400 341
6 219 0.067103 0.216797 0.150400 343
6 220 0.094857 0.218994 0.150400 344
6 221 0.080518 0.218132 0.150400 346
6 222 0.079011 0.218456 0.150400 348
6 223 0.078871 0.221250 0.150400 349
6 224 0.078871 0.220718 0.150400 351
6 225 0.072419 0.221974 0.150400 352
6 226 0.082979 0.224050 0.150400 354
6 227 0.076683 0.223304 0.150400 355
6 228 0.076389 0.223091 0.150400 357
6 229 0.076389 0.224373 0.150400 359
6 230 0.073811 0.222773 0.150400 360
6 231 0.079841 0.221874 0.150400 362
6 232 0.078631 0.223607 0.150400 363
6 233 0.079118 0.222253 0.150400 365
6 234 0.079118 0.221663 0.150400 1
7 1 0.071960 0.224651 0.150400 3
7 2 0.089687 0.222012 0.150400 4
7 3 0.080856 0.221707 0.150400 5
7 4 0.081516 0.225631 0.150400 7
7 5 0.081436 0.222630 0.150400 9
7 6 0.081436 0.222781 0.150400 10
7 7 0.071248 0.225664 0.150400 11
7 8 0.094219 0.222265 0.150400 13
7 9 0.080187 0.221354 0.150400 14
7 10 0.080546 0.223502 0.150400 16
7 11 0.079905 0.220619 0.150400 17
7 11 0.079905 0.218680 0.150400 19
7 12 0.079905 0.220927 0.150400 20
7 13 0.070947 0.218398 0.150400 22
7 14 0.089471 0.217228 0.150400 23
7 15 0.079057 0.220627 0.150400 25
7 16 0.078214 0.218889 0.150400 26
7 17 0.078214 0.218344 0.150400 28
7 18 0.066199 0.221120 0.150400 29
7 19 0.091981 0.221045 0.150400 31
7 20 0.077067 0.221045 0.150400 32
7 21 0.077166 0.219819 0.150400 34
7 22 0.077166 0.222850 0.150400 35
7 23 0.066786 0.221810 0.150400 37
7 24 0.092377 0.220674 0.150400 38
7 25 0.078038 0.221342 0.150400 40
7 26 0.078106 0.223027 0.150400 41
7 27 0.078427 0.220415 0.150400 43
7 28 0.078427 0.221302 0.150400 45
7 29 0.077420 0.222446 0.150400 46
7 30 0.078515 0.220442 0.150400 47
7 31 0.078429 0.220517 0.150400 49
7 32 0.079270 0.222073 0.150400 51
7 33 0.079270 0.220207 0.150400 52
7 34 0.073281 0.220191 0.150400 53
7 35 0.086456 0.221572 0.150400 55
7 36 0.080554 0.219899 0.150400 57
7 37 0.080641 0.220030 0.150400 58
7 38 0.081054 0.221771 0.150400 59
7 39 0.081054 0.220328 0.150400 61
7 39 0.074806 0.220327 0.150400 62
7 40 0.088356 0.222069 0.150400 64
7 41 0.088356 0.220482 0.150400 65
7 42 0.079989 0.220432 0.150400 67
7 43 0.079348 0.222345 0.150400 68
7 44 0.079427 0.220879 0.150400 70
7 45 0.079427 0.220297 0.150400 71
7 46 0.076251 0.222425 0.150400 73
7 47 0.082093 0.221695 0.150400 74
7 48 0.078905 0.221053 0.150400 76
7 49 0.079128 0.223338 0.150400 77
7 50 0.079128 0.223338 0.150400 79
7 51 0.070098 0.222653 0.150400 81
7 52 0.089191 0.222561 0.150400 82
7 53 0.078420 0.224903 0.150400 83
7 54 0.078322 0.224297 0.150400 85
7 55 0.078322 0.224195 0.150400 87
7 56 0.066681 0.226107 0.150400 88
7 57 0.094425 0.224289 0.150400 89
7 58 0.079352 0.223361 0.150400 91
7 59 0.079043 0.223761 0.150400 93
7 60 0.078423 0.221286 0.150400 94
7 61 0.078423 0.219449 0.150400 96
7 62 0.074047 0.222053 0.150400 97
7 63 0.083408 0.218020 0.150400 99
7 64 0.078318 0.217064 0.150400 100
7 65 0.078743 0.219542 0.150400 102
7 66 0.078743 0.217194 0.150400 103
7 67 0.069822 0.216531 0.150400 105
7 68 0.092220 0.220324 0.150400 106
7 69 0.079587 0.218785 0.150400 108
7 70 0.080038 0.218572 0.150400 109
7 71 0.079632 0.222105 0.150400 111
7 72 0.079632 0.221870 0.150400 112
7 73 0.073247 0.221417 0.150400 114
7 74 0.086520 0.223626 0.150400 116
7 75 0.079709 0.222437 0.150400 117
7 76 0.078699 0.221667 0.150400 119
7 77 0.078699 0.223942 0.150400 121
7 78 0.066968 0.222413 0.150400 122
7 79 0.094238 0.221211 0.150400 123
7 80 0.079210 0.221755 0.150400 125
7 81 0.079272 0.223000 0.150400 127
7 82 0.079087 0.220360 0.150400 128
7 83 0.079087 0.221037 0.150400 129
7 84 0.073457 0.222561 0.150400 131
7 85 0.085643 0.219862 0.150400 132
7 86 0.078260 0.221101 0.150400 134
7 87 0.077814 0.222529 0.150400 135
7 88 0.077814 0.220105 0.150400 137
7 89 0.069206 0.221322 0.150400 138
7 90 0.088420 0.222753 0.150400 140
7 91 0.078417 0.221218 0.150400 142
7 92 0.079396 0.222741 0.150400 143
7 93 0.078957 0.224281 0.150400 145
7 94 0.078957 0.223201 0.150400 146
7 95 0.078251 0.223615 0.150400 148
7 96 0.080066 0.225257 0.150400 149
7 97 0.079621 0.223287 0.150400 151
7 98 0.079628 0.222309 0.150400 152
7 99 0.079628 0.222966 0.150400 154
7 100 0.070726 0.220765 0.150400 156
7 101 0.091510 0.219415 0.150400 157
7 102 0.080113 0.220840 0.150400 159
7 103 0.079453 0.218421 0.150400 161
7 104 0.079827 0.218091 0.150400 162
7 105 0.079827 0.219737 0.150400 164
7 106 0.073716 0.218479 0.150400 165
7 107 0.085772 0.218514 0.150400 167
7 108 0.079610 0.220776 0.150400 169
7 109 0.079924 0.220242 0.150400 170
7 110 0.079139 0.220097 0.150400 172
7 111 0.079139 0.222868 0.150400 173
7 112 0.078002 0.222225 0.150400 175
7 113 0.078127 0.221683 0.150400 176
7 114 0.077727 0.224325 0.150400 178
7 115 0.077741 0.220762 0.150400 180
7 116 0.077741 0.221199 0.150400 181
7 117 0.075897 0.223802 0.150400 183
7 118 0.081686 0.220657 0.150400 184
7 119 0.079108 0.220077 0.150400 186
7 120 0.078188 0.223071 0.150400 188
7 121 0.078188 0.220289 0.150400 189
7 122 0.071143 0.219285 0.150400 191
7 123 0.088911 0.222425 0.150400 192
7 124 0.080238 0.219909 0.150400 194
7 125 0.080863 0.218796 0.150400 195
7 126 0.081711 0.219905 0.150400 197
7 127 0.081711 0.219033 0.150400 199
7 128 0.072504 0.221501 0.150400 200
7 129 0.091612 0.220277 0.150400 202
7 130 0.081127 0.218897 0.150400 203
7 131 0.080369 0.222081 0.150400 205
7 132 0.079468 0.220966 0.150400 207
7 133 0.079468 0.220509 0.150400 208
7 134 0.072190 0.221759 0.150400 210
7 135 0.086510 0.223829 0.150400 212
7 136 0.078185 0.221918 0.150400 213
7 137 0.077415 0.223571 0.150400 214
7 138 0.069049 0.225724 0.150400 216
7 139 0.087649 0.223980 0.150400 218
7 140 0.077674 0.225347 0.150400 219
7 141 0.078040 0.227566 0.150400 221
7 142 0.078040 0.224684 0.150400 222
7 144 0.068272 0.224757 0.150400 224
7 145 0.092588 0.224958 0.150400 226
7 146 0.077674 0.221152 0.150400 227
7 147 0.078253 0.220596 0.150400 229
7 148 0.078696 0.220474 0.150400 231
7 149 0.078696 0.216973 0.150400 232
7 150 0.077261 0.216794 0.150400 234
7 151 0.081565 0.218379 0.150400 235
7 152 0.080647 0.216410 0.150400 237
7 153 0.080420 0.216627 0.150400 239
7 154 0.080420 0.218932 0.150400 240
7 155 0.068145 0.218113 0.150400 241
7 156 0.094755 0.219418 0.150400 243
7 157 0.079397 0.222381 0.150400 245
7 158 0.079277 0.221647 0.150400 247
7 159 0.079169 0.222022 0.150400 248
7 160 0.079169 0.224251 0.150400 250
7 161 0.072881 0.223413 0.150400 251
7 162 0.086878 0.222974 0.150400 253
7 163 0.078822 0.224294 0.150400 254
7 164 0.079477 0.222409 0.150400 256
7 165 0.079315 0.221279 0.150400 258
7 166 0.079315 0.222978 0.150400 259
7 167 0.078409 0.221417 0.150400 261
7 168 0.078194 0.220714 0.150400 262
7 169 0.078903 0.222097 0.150400 264
7 170 0.078694 0.220470 0.150400 266
7 171 0.078694 0.220446 0.150400 267
7 172 0.073927 0.220529 0.150400 269
7 173 0.083885 0.220446 0.150400 270
7 174 0.078978 0.223737 0.150400 272
7 175 0.079114 0.220860 0.150400 273
7 176 0.079114 0.221310 0.150400 275
7 177 0.068718 0.224676 0.150400 277
7 178 0.093866 0.222593 0.150400 278
7 179 0.078837 0.221784 0.150400 280
7 180 0.078803 0.225294 0.150400 281
7 181 0.079262 0.223454 0.150400 283
7 182 0.079262 0.222097 0.150400 285
7 183 0.074312 0.224798 0.150400 286
7 184 0.079942 0.221735 0.150400 288
7 185 0.080496 0.219990 0.150400 289
7 186 0.079919 0.222285 0.150400 291
7 187 0.079919 0.219386 0.150400 292
7 189 0.077120 0.217511 0.150400 294
7 190 0.080919 0.219907 0.150400 296
7 191 0.078063 0.218325 0.150400 297
7 192 0.078169 0.217404 0.150400 298
7 193 0.078169 0.218688 0.150400 300
7 194 0.072610 0.220925 0.150400 302
7 195 0.086119 0.219145 0.150400 304
7 196 0.078217 0.220639 0.150400 305
7 197 0.078325 0.222938 0.150400 307
7 198 0.078325 0.220943 0.150400 309
7 199 0.068471 0.221902 0.150400 310
7 200 0.094392 0.223613 0.150400 312
7 201 0.080160 0.221112 0.150400 313
7 202 0.080445 0.221731 0.150400 315
7 203 0.079991 0.223329 0.150400 317
7 204 0.079991 0.221403 0.150400 318
7 205 0.070800 0.221101 0.150400 319
7 206 0.089839 0.222701 0.150400 321
7 207 0.079644 0.220686 0.150400 323
7 208 0.079420 0.220266 0.150400 324
7 209 0.078974 0.220741 0.150400 326
7 210 0.078974 0.218932 0.150400 328
7 211 0.075968 0.219454 0.150400 329
7 212 0.081385 0.221104 0.150400 331
7 213 0.077925 0.219788 0.150400 332
7 214 0.077570 0.219802 0.150400 334
7 215 0.077570 0.221747 0.150400 336
7 216 0.072891 0.220694 0.150400 337
7 217 0.084226 0.222281 0.150400 338
7 218 0.078839 0.221342 0.150400 340
7 219 0.079467 0.220943 0.150400 342
7 220 0.079467 0.223217 0.150400 343
7 221 0.068292 0.222593 0.150400 345
7 222 0.094947 0.222237 0.150400 347
7 223 0.081398 0.224737 0.150400 348
7 224 0.080271 0.224309 0.150400 350
7 225 0.079218 0.224021 0.150400 351
7 226 0.079218 0.226030 0.150400 353
7 227 0.070499 0.224839 0.150400 355
7 228 0.079623 0.223980 0.150400 356
7 229 0.079332 0.225808 0.150400 358
7 230 0.078438 0.222446 0.150400 359
7 231 0.078438 0.220848 0.150400 361
7 233 0.076545 0.222769 0.150400 362
7 234 0.080833 0.218461 0.150400 364
7 235 0.078627 0.217327 0.150400 366
8 1 0.079107 0.219675 0.150400 1
8 1 0.079107 0.216581 0.150400 2
8 2 0.079107 0.213877 0.150400 4
8 3 0.073065 0.210130 0.150400 5
8 4 0.090588 0.210130 0.150400 7
8 5 0.090156 0.198685 0.150400 8
8 6 0.100834 0.186200 0.150400 9
8 7 0.116655 0.176550 0.150400 11
8 8 0.132281 0.166816 0.150400 12
8 9 0.141222 0.150826 0.150400 14
8 10 0.153757 0.139416 0.150400 15
8 11 0.169566 0.129976 0.150400 16
8 12 0.182219 0.118531 0.150400 18
8 12 0.191080 0.111588 0.150400 20
8 13 0.191080 0.105517 0.150400 21
8 14 0.196204 0.105033 0.150400 23
8 15 0.199322 0.105265 0.150400 24
8 16 0.199367 0.108807 0.150400 25
8 17 0.197129 0.113200 0.150400 27
8 18 0.191738 0.113200 0.150400 29
8 19 0.185194 0.123599 0.150400 30
8 20 0.175785 0.131446 0.150400 31
8 21 0.166580 0.141610 0.150400 33
8 22 0.158798 0.147904 0.150400 34
8 23 0.148695 0.154532 0.150400 36
8 24 0.141493 0.165932 0.150400 38
8 25 0.136342 0.169199 0.150400 39
8 26 0.128731 0.175518 0.150400 40
8 27 0.123312 0.180248 0.150400 42
8 28 0.121095 0.181964 0.150400 43
8 29 0.119874 0.181141 0.150400 45
8 29 0.120284 0.178356 0.150400 46
8 30 0.122007 0.176033 0.150400 48
8 31 0.122007 0.172960 0.150400 49
8 32 0.125448 0.165477 0.150400 51
8 33 0.130812 0.159622 0.150400 52
8 34 0.137037 0.154064 0.150400 54
8 35 0.143002 0.147079 0.150400 55
8 36 0.146491 0.147079 0.150400 57
8 37 0.152297 0.141135 0.150400 58
8 38 0.158509 0.137601 0.150400 60
8 39 0.161782 0.135341 0.150400 61
8 40 0.165108 0.133715 0.150400 62
8 41 0.167737 0.132185 0.150400 64
8 42 0.169438 0.131231 0.150400 66
8 43 0.169766 0.130363 0.150400 67
8 44 0.168673 0.132628 0.150400 68
8 45 0.166900 0.136357 0.150400 70
8 46 0.165137 0.140436 0.150400 71
8 47 0.160757 0.141406 0.150400 72
8 47 0.158205 0.143620 0.150400 74
8 48 0.154093 0.146460 0.150400 75
8 49 0.154093 0.153690 0.150400 77
8 50 0.149468 0.153889 0.150400 78
8 51 0.145461 0.157418 0.150400 80
8 52 0.143079 0.160411 0.150400 82
8 53 0.138974 0.162714 0.150400 83
8 54 0.139149 0.162714 0.150400 85
8 55 0.138751 0.164653 0.150400 86
8 56 0.138535 0.163820 0.150400 87
8 57 0.139575 0.162804 0.150400 89
8 58 0.139031 0.161987 0.150400 90
8 59 0.142291 0.161006 0.150400 92
8 60 0.144014 0.158892 0.150400 93
8 61 0.146885 0.155300 0.150400 95
8 62 0.150010 0.152335 0.150400 96
8 63 0.151304 0.152110 0.150400 98
8 64 0.151793 0.146918 0.150400 99
8 65 0.153290 0.143710 0.150400 100
8 66 0.155257 0.142807 0.150400 102
8 66 0.155829 0.141527 0.150400 104
8 67 0.156658 0.143573 0.150400 105
8 68 0.158164 0.141430 0.150400 107
8 69 0.158164 0.141393 0.150400 108
8 70 0.157104 0.142937 0.150400 110
8 71 0.155187 0.145447 0.150400 112
8 72 0.155253 0.146672 0.150400 113
8 73 0.154758 0.148130 0.150400 115
8 74 0.153180 0.148342 0.150400 116
8 75 0.152282 0.150999 0.150400 118
8 76 0.149861 0.155531 0.150400 119
8 77 0.149531 0.153899 0.150400 121
8 78 0.149081 0.153427 0.150400 122
8 79 0.148704 0.153427 0.150400 124
8 80 0.147967 0.154045 0.150400 125
8 81 0.147854 0.156440 0.150400 127
8 82 0.147944 0.154293 0.150400 128
8 83 0.148113 0.154851 0.150400 130
8 84 0.147934 0.154443 0.150400 131
8 85 0.147375 0.152949 0.150400 133
8 86 0.148299 0.153496 0.150400 134
8 87 0.149178 0.150344 0.150400 136
8 88 0.149052 0.149181 0.150400 137
8 89 0.148593 0.148740 0.150400 139
8 90 0.148733 0.150725 0.150400 140
8 91 0.148856 0.147985 0.150400 142
8 92 0.148479 0.148292 0.150400 143
8 93 0.148897 0.148194 0.150400 145
8 94 0.147982 0.147890 0.150400 146
8 95 0.149365 0.150083 0.150400 148
8 96 0.150981 0.148265 0.150400 149
8 97 0.151586 0.146906 0.150400 151
8 98 0.152611 0.147521 0.150400 152
8 99 0.152941 0.148847 0.150400 154
8 100 0.153006 0.149446 0.150400 155
8 101 0.152073 0.149573 0.150400 157
8 102 0.152834 0.149325 0.150400 158
8 103 0.152117 0.150569 0.150400 160
8 104 0.152239 0.154258 0.150400 162
8 105 0.152607 0.152166 0.150400 163
8 106 0.152369 0.151651 0.150400 165
8 107 0.151540 0.152205 0.150400 166
8 108 0.150830 0.154054 0.150400 168
8 109 0.150776 0.151462 0.150400 169
8 110 0.150152 0.152194 0.150400 171
8 111 0.150393 0.151447 0.150400 172
8 112 0.149510 0.151651 0.150400 174
8 113 0.150088 0.154235 0.150400 176
8 114 0.150380 0.151139 0.150400 177
8 115 0.150130 0.149390 0.150400 179
8 116 0.149803 0.147974 0.150400 180
8 117 0.150061 0.150079 0.150400 182
8 118 0.149255 0.147445 0.150400 183
8 119 0.148429 0.147966 0.150400 185
8 120 0.148906 0.147361 0.150400 186
8 121 0.147720 0.148029 0.150400 188
8 122 0.147914 0.150793 0.150400 189
8 123 0.148826 0.148052 0.150400 191
8 124 0.148973 0.148056 0.150400 193
8 125 0.149484 0.148704 0.150400 194
8 126 0.149408 0.152224 0.150400 196
8 127 0.151226 0.149985 0.150400 197
8 128 0.152102 0.151101 0.150400 199
8 129 0.152318 0.151376 0.150400 200
8 130 0.150940 0.151186 0.150400 202
8 131 0.151712 0.153912 0.150400 204
8 132 0.151834 0.151586 0.150400 205
8 133 0.151651 0.151243 0.150400 207
8 134 0.151936 0.151454 0.150400 208
8 135 0.151972 0.153427 0.150400 210
8 136 0.152041 0.150944 0.150400 211
8 137 0.151406 0.150845 0.150400 213
8 138 0.151376 0.150130 0.150400 214
8 139 0.149517 0.149963 0.150400 216
8 140 0.149745 0.152489 0.150400 218
8 141 0.149493 0.150014 0.150400 219
8 142 0.149372 0.149441 0.150400 221
8 143 0.149268 0.149304 0.150400 222
8 144 0.148797 0.151690 0.150400 224
8 145 0.150143 0.148711 0.150400 225
8 146 0.150613 0.149280 0.150400 227
8 147 0.150863 0.149041 0.150400 228
8 148 0.149106 0.148713 0.150400 230
8 149 0.150298 0.151291 0.150400 232
A> 