GO!
1 0 0.000000 0.000000 0.008000 0
1 1 0.000000 0.000000 0.016000 0
1 2 0.000000 0.000000 0.016000 0
1 3 0.000000 0.000000 0.024000 0
1 4 0.000000 0.000000 0.032000 0
1 4 0.000000 0.000000 0.040000 0
1 5 0.000000 0.000000 0.048000 0
1 6 0.000000 0.000000 0.056000 0
1 7 0.001491 0.000000 0.056000 0
1 8 0.001491 0.000000 0.064000 1
1 9 0.001491 0.001449 0.072000 1
1 9 0.001491 0.001449 0.080000 2
1 10 0.034343 0.064137 0.088000 3
1 11 0.034343 0.064137 0.096000 4
1 12 0.060153 0.110907 0.104000 5
1 13 0.094697 0.127710 0.104000 6
1 14 0.111761 0.133640 0.112000 7
1 15 0.131443 0.137300 0.120000 9
1 16 0.141335 0.142813 0.128000 11
1 17 0.155117 0.147333 0.136000 12
1 18 0.171558 0.154266 0.144000 14
1 18 0.184506 0.163920 0.152000 16
1 19 0.184506 0.173528 0.160000 17
1 20 0.190938 0.175128 0.168000 19
1 21 0.191895 0.174744 0.176000 21
1 22 0.190008 0.173309 0.184000 23
1 23 0.185915 0.173309 0.192000 24
1 24 0.181881 0.174628 0.200000 26
1 25 0.177804 0.173918 0.204000 28
1 26 0.177366 0.174714 0.204000 29
1 27 0.177211 0.177720 0.204000 31
1 28 0.178557 0.183741 0.204000 33
1 29 0.181636 0.189029 0.204000 35
1 30 0.191854 0.200987 0.204000 37
1 31 0.204826 0.215818 0.204000 39
1 31 0.204826 0.226441 0.204000 41
1 32 0.215901 0.237901 0.204000 44
1 33 0.226610 0.249263 0.204000 46
1 34 0.234719 0.249263 0.204000 48
1 35 0.240103 0.248149 0.204000 50
1 36 0.242884 0.247348 0.204000 53
1 37 0.239696 0.241992 0.204000 55
1 38 0.233986 0.229940 0.204000 57
1 39 0.227809 0.220030 0.204000 59
1 40 0.216822 0.206255 0.204000 61
1 41 0.203317 0.188741 0.204000 62
1 41 0.193357 0.177840 0.204000 64
1 42 0.193357 0.171131 0.204000 65
1 43 0.182431 0.166430 0.204000 67
1 44 0.177768 0.166954 0.204000 69
1 45 0.172379 0.166954 0.204000 70
1 46 0.171840 0.168731 0.204000 72
1 47 0.174798 0.175259 0.204000 74
1 48 0.181804 0.186723 0.204000 76
1 49 0.191302 0.198153 0.204000 78
1 50 0.200860 0.209128 0.204000 80
1 51 0.209745 0.222398 0.204000 82
1 52 0.215277 0.230609 0.204000 84
1 52 0.215277 0.233493 0.204000 86
1 53 0.221097 0.230518 0.204000 88
1 54 0.223040 0.224941 0.204000 91
1 55 0.218781 0.224941 0.204000 93
1 56 0.216745 0.217876 0.204000 95
1 57 0.210309 0.209015 0.204000 96
1 58 0.202627 0.197142 0.204000 98
1 59 0.195698 0.187161 0.204000 100
1 60 0.188384 0.183992 0.204000 102
1 61 0.186074 0.179795 0.204000 104
1 62 0.187641 0.181518 0.204000 105
1 63 0.194430 0.186234 0.204000 107
1 63 0.199149 0.195456 0.204000 109
1 64 0.199149 0.201193 0.204000 111
1 65 0.207508 0.209228 0.204000 113
1 66 0.216021 0.220242 0.204000 116
1 67 0.220348 0.223822 0.204000 118
1 68 0.222769 0.223822 0.204000 120
1 69 0.222302 0.222960 0.204000 122
1 70 0.218897 0.222201 0.204000 124
1 71 0.213136 0.215577 0.204000 126
1 72 0.206543 0.209078 0.204000 128
1 73 0.201883 0.206878 0.204000 130
1 74 0.198194 0.205722 0.204000 132
1 75 0.195487 0.201096 0.204000 133
1 76 0.194954 0.199967 0.204000 135
1 77 0.194607 0.199422 0.204000 137
1 77 0.194607 0.197255 0.204000 139
1 78 0.194920 0.196891 0.204000 141
1 79 0.196913 0.199779 0.204000 143
1 80 0.199534 0.199097 0.204000 145
1 81 0.202428 0.199097 0.204000 147
1 82 0.205691 0.199821 0.204000 149
1 83 0.207607 0.201115 0.204000 151
1 84 0.209493 0.204978 0.204000 153
1 85 0.208507 0.206109 0.204000 155
1 86 0.207232 0.206374 0.204000 157
1 87 0.202850 0.208031 0.204000 159
1 88 0.198085 0.203464 0.204000 161
1 89 0.199844 0.201445 0.204000 163
1 90 0.200788 0.200602 0.204000 164
1 90 0.200788 0.198876 0.204000 167
1 91 0.203143 0.199312 0.204000 169
1 92 0.206126 0.199786 0.204000 171
1 93 0.205131 0.203113 0.204000 173
1 94 0.202335 0.201794 0.204000 175
1 95 0.198325 0.201794 0.204000 176
1 96 0.199653 0.201777 0.204000 179
1 97 0.198828 0.203890 0.204000 181
1 98 0.202170 0.204096 0.204000 183
1 99 0.206954 0.205992 0.204000 185
1 100 0.209660 0.210771 0.204000 187
1 101 0.211782 0.212018 0.204000 189
1 102 0.213699 0.211992 0.204000 191
1 103 0.215833 0.213766 0.204000 193
1 104 0.213144 0.211709 0.204000 195
1 105 0.207093 0.204048 0.204000 197
1 106 0.202518 0.199818 0.204000 199
1 107 0.199338 0.201039 0.204000 201
1 108 0.197372 0.199989 0.204000 203
1 109 0.197397 0.200183 0.204000 205
1 110 0.198579 0.204284 0.204000 208
1 111 0.199847 0.202650 0.204000 209
1 112 0.200749 0.202408 0.204000 211
1 113 0.202508 0.205845 0.204000 213
1 114 0.203534 0.202847 0.204000 215
1 115 0.203020 0.201577 0.204000 217
1 115 0.206142 0.201505 0.204000 220
1 116 0.210123 0.204261 0.204000 222
1 117 0.208704 0.203073 0.204000 224
1 118 0.207670 0.203043 0.204000 226
1 119 0.207670 0.205142 0.204000 228
1 120 0.204758 0.201560 0.204000 230
1 121 0.201866 0.196703 0.204000 232
1 122 0.197630 0.196998 0.208000 2
2 1 0.195899 0.197432 0.212000 4
2 2 0.197148 0.197432 0.212000 6
2 3 0.198496 0.199711 0.212000 8
2 4 0.204734 0.206268 0.212000 10
2 5 0.210994 0.213132 0.212000 12
2 6 0.211963 0.214251 0.212000 14
2 7 0.214229 0.216710 0.212000 15
2 8 0.213206 0.218634 0.212000 17
2 8 0.213206 0.216931 0.212000 19
2 9 0.212692 0.216809 0.212000 22
2 10 0.213603 0.220611 0.212000 24
2 11 0.217331 0.220676 0.212000 26
2 12 0.220560 0.220676 0.212000 28
2 13 0.224194 0.221524 0.212000 30
2 14 0.224061 0.224570 0.212000 32
2 15 0.222069 0.219205 0.212000 34
2 16 0.219860 0.216123 0.212000 36
2 17 0.215761 0.214817 0.212000 39
2 18 0.213239 0.210980 0.212000 40
2 19 0.213040 0.208665 0.212000 42
2 19 0.213040 0.207869 0.212000 44
2 20 0.212564 0.207211 0.212000 46
2 21 0.210415 0.204582 0.212000 48
2 22 0.207486 0.206340 0.212000 50
2 23 0.205506 0.206340 0.212000 52
2 24 0.205455 0.208009 0.212000 54
2 25 0.203796 0.207712 0.212000 56
2 26 0.203110 0.207517 0.212000 58
2 27 0.204897 0.211465 0.212000 60
2 28 0.207611 0.213334 0.212000 62
2 29 0.211808 0.212050 0.212000 64
2 30 0.211564 0.211575 0.212000 66
2 30 0.209966 0.203988 0.212000 68
2 31 0.209966 0.202243 0.212000 70
2 32 0.208479 0.203870 0.212000 72
2 33 0.208951 0.209538 0.212000 74
2 34 0.210305 0.209538 0.212000 76
2 35 0.211387 0.212047 0.212000 78
2 36 0.213519 0.216764 0.212000 80
2 37 0.215221 0.222253 0.212000 82
2 38 0.215840 0.221107 0.212000 84
2 39 0.216984 0.218044 0.212000 87
2 40 0.218083 0.219878 0.212000 89
2 41 0.216916 0.218144 0.212000 90
2 42 0.219157 0.217185 0.212000 92
2 42 0.218202 0.217986 0.212000 95
2 43 0.218202 0.215221 0.212000 97
2 44 0.218564 0.214311 0.212000 99
2 45 0.219890 0.214267 0.212000 101
2 46 0.219569 0.210105 0.212000 103
2 47 0.216761 0.210105 0.212000 105
2 48 0.213940 0.205571 0.212000 107
2 49 0.209464 0.205711 0.212000 109
2 50 0.206195 0.204311 0.212000 111
2 51 0.201626 0.203494 0.212000 113
2 52 0.202282 0.204714 0.212000 115
2 53 0.202697 0.208868 0.212000 117
2 54 0.203528 0.209468 0.212000 119
2 55 0.207086 0.211648 0.212000 121
2 56 0.210911 0.212174 0.212000 124
2 57 0.210602 0.210556 0.212000 125
2 58 0.211615 0.209008 0.212000 127
2 59 0.213056 0.214171 0.212000 129
2 59 0.214288 0.217530 0.212000 132
2 60 0.214288 0.219068 0.212000 134
2 61 0.216086 0.219581 0.212000 136
2 62 0.215378 0.214134 0.212000 138
2 63 0.213947 0.209638 0.212000 140
2 64 0.212514 0.212641 0.212000 142
2 65 0.210713 0.212641 0.212000 144
2 66 0.207573 0.209291 0.212000 146
2 67 0.208609 0.208690 0.212000 148
2 68 0.210915 0.212951 0.212000 151
2 69 0.214188 0.214303 0.212000 153
2 70 0.218267 0.214385 0.212000 155
2 71 0.221025 0.215807 0.212000 157
2 72 0.222589 0.217492 0.212000 159
2 73 0.219459 0.211922 0.212000 161
2 74 0.216301 0.206857 0.212000 163
2 75 0.212949 0.206951 0.212000 165
2 76 0.207883 0.206188 0.212000 167
2 77 0.207187 0.207730 0.212000 169
2 77 0.205845 0.212725 0.212000 171
2 78 0.206131 0.210074 0.212000 173
2 79 0.206131 0.210398 0.212000 175
2 80 0.207600 0.212225 0.212000 177
2 81 0.203457 0.211145 0.212000 179
2 82 0.201419 0.210696 0.212000 181
2 83 0.202883 0.214584 0.212000 184
2 84 0.205332 0.214584 0.212000 186
2 85 0.208662 0.215138 0.212000 188
2 86 0.213370 0.213851 0.212000 190
2 87 0.217095 0.212385 0.212000 192
2 88 0.219134 0.214675 0.212000 194
2 89 0.218599 0.211613 0.212000 197
2 90 0.218923 0.211138 0.212000 199
2 91 0.219815 0.211949 0.212000 201
2 92 0.219204 0.210062 0.212000 203
2 93 0.221485 0.210051 0.212000 205
2 94 0.222420 0.213471 0.212000 207
2 95 0.220368 0.214675 0.212000 209
2 96 0.218866 0.215603 0.212000 211
2 96 0.214701 0.218217 0.212000 213
2 97 0.214701 0.214089 0.212000 215
2 98 0.208027 0.211199 0.212000 217
2 99 0.203951 0.214880 0.212000 219
2 100 0.201745 0.212989 0.212000 221
2 101 0.201722 0.211807 0.212000 224
2 102 0.202266 0.212215 0.212000 226
2 103 0.203106 0.208933 0.212000 228
2 104 0.205972 0.206854 0.212000 230
2 105 0.208648 0.206854 0.212000 232
2 106 0.212303 0.206778 0.212000 234
2 107 0.212626 0.206882 0.212000 236
2 108 0.212076 0.206785 0.212000 239
2 109 0.214854 0.209365 0.212000 241
2 110 0.216094 0.214671 0.212000 243
2 111 0.213699 0.217308 0.212000 245
2 112 0.211228 0.216346 0.212000 247
2 113 0.207555 0.217454 0.212000 249
2 114 0.206471 0.211044 0.212000 251
2 115 0.206951 0.205944 0.212000 253
2 116 0.211167 0.207305 0.212000 256
2 117 0.215198 0.207754 0.212000 258
2 118 0.218955 0.209955 0.212000 260
2 119 0.222301 0.213511 0.212000 262
2 120 0.222452 0.216807 0.212000 265
2 121 0.220486 0.215603 0.212000 267
2 122 0.218696 0.215176 0.212000 269
2 123 0.216714 0.215258 0.212000 271
2 124 0.213847 0.211861 0.212000 273
2 125 0.211956 0.212053 0.212000 275
2 126 0.210480 0.214962 0.212000 277
2 127 0.207479 0.215067 0.212000 279
2 128 0.207385 0.213966 0.212000 281
2 129 0.207308 0.211538 0.212000 283
2 129 0.205968 0.204944 0.212000 285
2 130 0.205807 0.204052 0.212000 288
2 131 0.207357 0.209482 0.212000 290
2 132 0.209610 0.209827 0.212000 292
2 133 0.209610 0.211124 0.212000 294
2 134 0.212152 0.214475 0.212000 296
2 135 0.212605 0.215622 0.212000 298
2 136 0.208036 0.216597 0.212000 300
2 137 0.203578 0.216010 0.212000 302
2 138 0.204514 0.215976 0.212000 305
2 139 0.206743 0.213262 0.212000 307
2 140 0.208715 0.211891 0.212000 309
2 141 0.213862 0.212908 0.212000 311
2 142 0.218709 0.211070 0.212000 313
2 143 0.221132 0.211070 0.212000 316
2 144 0.223039 0.208746 0.212000 318
2 145 0.220262 0.210735 0.212000 320
2 146 0.215020 0.209813 0.212000 322
2 147 0.211300 0.207904 0.212000 324
2 148 0.211611 0.208990 0.212000 326
2 149 0.211970 0.205780 0.212000 328
2 150 0.212396 0.206626 0.212000 331
2 151 0.210771 0.212895 0.212000 333
2 152 0.210262 0.216157 0.212000 335
2 153 0.211814 0.217676 0.212000 337
2 154 0.213467 0.219651 0.212000 339
2 155 0.215551 0.216972 0.212000 341
2 156 0.214684 0.210814 0.212000 344
2 157 0.214281 0.209191 0.212000 346
2 158 0.213136 0.211026 0.212000 348
2 159 0.209436 0.210531 0.212000 350
2 160 0.209390 0.212858 0.212000 352
2 161 0.206878 0.215758 0.212000 354
2 162 0.204362 0.214422 0.212000 356
2 163 0.202657 0.210667 0.212000 358
2 164 0.202677 0.210836 0.212000 360
2 165 0.205336 0.206398 0.212000 362
2 166 0.209135 0.207091 0.212000 364
2 167 0.213740 0.213059 0.212000 366
2 167 0.215469 0.212747 0.212000 369
2 168 0.215224 0.212535 0.212000 371
2 169 0.217121 0.212769 0.212000 373
2 170 0.216225 0.212172 0.212000 375
2 171 0.216225 0.208139 0.212000 377
2 172 0.214587 0.209848 0.212000 380
2 173 0.216086 0.211329 0.212000 382
2 174 0.217561 0.212747 0.212000 384
2 175 0.218835 0.213076 0.212000 386
2 176 0.219264 0.214221 0.212000 388
2 177 0.217814 0.210983 0.212000 390
2 178 0.213895 0.210283 0.212000 393
2 179 0.212689 0.212429 0.212000 395
2 180 0.208254 0.211898 0.212000 397
2 181 0.206724 0.211898 0.212000 399
2 182 0.208037 0.212456 0.212000 401
2 183 0.209613 0.217553 0.212000 403
2 184 0.210355 0.215438 0.212000 405
2 185 0.210606 0.214936 0.212000 408
2 186 0.211452 0.215055 0.212000 410
2 187 0.211424 0.213629 0.212000 412
2 188 0.211633 0.211044 0.212000 414
2 189 0.212462 0.211496 0.212000 416
2 190 0.213692 0.213257 0.212000 418
2 191 0.212265 0.211939 0.212000 420
2 192 0.210348 0.209987 0.212000 422
2 193 0.206626 0.208739 0.212000 425
2 194 0.203283 0.204788 0.212000 427
2 195 0.204558 0.202966 0.212000 429
2 196 0.203988 0.206864 0.212000 431
2 197 0.205493 0.206144 0.212000 433
2 198 0.210559 0.209998 0.212000 435
2 199 0.216705 0.218723 0.212000 437
2 200 0.221493 0.220474 0.212000 440
2 201 0.223353 0.220266 0.212000 442
2 202 0.223228 0.220348 0.212000 444
2 203 0.219285 0.216188 0.212000 446
2 204 0.217656 0.212018 0.212000 448
2 205 0.217068 0.210904 0.212000 450
2 205 0.215695 0.210587 0.212000 452
2 206 0.214664 0.209039 0.212000 455
2 207 0.212908 0.210890 0.212000 457
2 208 0.211152 0.214218 0.212000 459
2 209 0.211152 0.214151 0.212000 461
2 210 0.208986 0.212098 0.209600 463
2 1 0.208898 0.213328 0.207200 465
2 2 0.208783 0.211192 0.211200 1
3 1 0.207757 0.208947 0.215200 3
3 2 0.208209 0.208947 0.215200 5
3 3 0.211989 0.206999 0.215200 6
3 4 0.227298 0.191524 0.215200 7
3 5 0.247581 -0.164675 0.215200 9
3 6 0.267564 0.140232 0.215200 11
3 7 0.290457 0.143485 0.215200 14
3 8 0.316631 0.143400 0.215200 16
3 9 0.340425 0.143478 0.215200 19
3 10 0.364863 0.141147 0.215200 21
3 11 0.375089 0.138148 0.215200 23
3 12 0.379261 0.133018 0.215200 26
3 13 0.385249 0.120655 0.215200 28
3 13 0.390531 0.111687 0.215200 31
3 14 0.390531 0.100428 0.215200 33
3 15 0.389417 0.090248 0.215200 36
3 16 0.383588 0.081967 0.215200 37
3 17 0.371320 0.080238 0.215200 40
3 18 0.355174 0.083591 0.215200 42
3 19 0.335775 0.083591 0.215200 44
3 20 0.311406 0.083591 0.215200 45
3 21 0.288299 0.079760 0.215200 47
3 22 0.273776 0.094291 0.215200 49
3 23 0.267418 0.114637 0.215200 51
3 24 0.260295 0.120488 0.215200 53
3 25 0.261201 0.128400 0.215200 55
3 26 0.269981 0.137075 0.215200 58
3 27 0.277591 0.140168 0.215200 60
3 28 0.290886 0.135822 0.215200 62
3 29 0.304695 0.131012 0.215200 64
3 30 0.319719 0.126526 0.215200 66
3 31 0.334987 0.123326 0.215200 69
3 32 0.337904 0.112445 0.215200 71
3 33 0.338817 0.105960 0.215200 73
3 34 0.337719 0.103353 0.215200 75
3 35 0.336971 0.100798 0.215200 77
3 35 0.338974 0.101121 0.215200 79
3 36 0.338974 0.103562 0.215200 81
3 37 0.332185 0.103027 0.215200 83
3 38 0.326519 0.105934 0.215200 85
3 39 0.320162 0.108224 0.215200 88
3 40 0.314628 0.111632 0.215200 90
3 41 0.312624 0.115163 0.215200 92
3 42 0.311304 0.121014 0.215200 94
3 43 0.311322 0.121014 0.215200 96
3 44 0.311956 0.119730 0.215200 98
3 45 0.313835 0.122753 0.215200 100
3 46 0.313180 0.121753 0.215200 103
3 47 0.316410 0.120688 0.215200 105
3 48 0.316523 0.120121 0.215200 107
3 49 0.316156 0.120728 0.215200 109
3 50 0.314563 0.110319 0.215200 112
3 51 0.312603 0.115667 0.215200 114
3 52 0.311396 0.110959 0.215200 116
3 53 0.312524 0.109715 0.215200 118
3 54 0.312915 0.109794 0.215200 120
3 55 0.311375 0.111110 0.215200 123
3 56 0.313299 0.108448 0.215200 125
3 57 0.316804 0.103034 0.215200 127
3 58 0.320394 0.113607 0.215200 129
3 59 0.322820 0.111988 0.215200 132
3 60 0.321929 0.114370 0.215200 134
3 61 0.321272 0.117368 0.215200 136
3 62 0.320943 0.116029 0.215200 138
3 63 0.318365 0.118171 0.215200 140
3 64 0.318977 0.118203 0.215200 143
3 65 0.317803 0.118133 0.215200 145
3 66 0.317558 0.118880 0.215200 147
3 67 0.317858 0.113007 0.215200 149
3 68 0.318013 0.118491 0.215200 151
3 69 0.318830 0.111375 0.215200 154
3 70 0.319170 0.110284 0.215200 156
3 71 0.321176 0.108315 0.215200 158
3 72 0.319484 0.109103 0.215200 160
3 73 0.319071 0.111112 0.215200 163
3 74 0.314559 0.098784 0.215200 165
3 75 0.312213 0.117560 0.215200 167
3 76 0.310556 0.113888 0.215200 169
3 77 0.310328 0.114810 0.215200 171
3 78 0.309670 0.117221 0.215200 174
3 79 0.310799 0.114593 0.215200 176
3 80 0.312313 0.118764 0.215200 178
3 81 0.314431 0.115150 0.215200 180
3 82 0.316140 0.114812 0.215200 183
3 83 0.315973 0.113965 0.215200 185
3 84 0.315796 0.113915 0.215200 187
3 85 0.317140 0.113484 0.215200 189
3 86 0.317488 0.112471 0.215200 191
3 87 0.320183 0.110618 0.215200 193
3 88 0.321840 0.110099 0.215200 195
3 89 0.321817 0.108372 0.215200 198
3 90 0.325346 0.110233 0.215200 200
3 91 0.324946 0.105389 0.215200 202
3 92 0.323711 0.118235 0.215200 205
3 93 0.320887 0.116119 0.215200 206
3 94 0.317151 0.118083 0.215200 208
3 95 0.315780 0.118825 0.215200 211
3 96 0.316957 0.121207 0.215200 213
3 97 0.315222 0.118284 0.215200 215
3 98 0.314879 0.116570 0.215200 217
3 99 0.313014 0.113154 0.215200 220
3 100 0.311112 0.111409 0.215200 222
3 101 0.313030 0.102637 0.215200 225
3 102 0.313941 0.117005 0.215200 227
3 103 0.315297 0.111668 0.215200 229
3 104 0.314271 0.113295 0.215200 231
3 105 0.313962 0.112793 0.215200 234
3 106 0.312650 0.113395 0.215200 236
3 107 0.313120 0.104721 0.215200 238
3 108 0.312500 0.121346 0.215200 240
3 109 0.313527 0.115615 0.215200 243
3 110 0.313088 0.117453 0.215200 245
3 111 0.317591 0.116543 0.215200 247
3 112 0.319479 0.116028 0.215200 249
3 113 0.324049 0.116199 0.215200 252
3 114 0.325471 0.117605 0.215200 254
3 115 0.325073 0.113888 0.215200 257
3 116 0.324537 0.113601 0.215200 259
3 117 0.323271 0.106592 0.215200 261
3 118 0.321143 0.112381 0.215200 263
3 119 0.318819 0.109687 0.215200 265
3 120 0.317417 0.111309 0.215200 268
3 121 0.316046 0.108953 0.215200 270
3 122 0.316983 0.109793 0.215200 272
3 123 0.315136 0.110052 0.215200 274
3 124 0.315780 0.109276 0.215200 277
3 125 0.315506 0.114326 0.215200 279
3 126 0.314778 0.118402 0.215200 281
3 127 0.312898 0.117042 0.215200 284
3 128 0.312203 0.113616 0.215200 286
3 129 0.309504 0.118039 0.215200 288
3 130 0.309654 0.115203 0.215200 290
3 131 0.310743 0.116014 0.215200 293
3 132 0.310603 0.111885 0.215200 295
3 133 0.315526 0.112846 0.215200 297
3 134 0.317863 0.111948 0.215200 299
3 135 0.319374 0.111329 0.215200 302
3 136 0.319661 0.112824 0.215200 304
3 137 0.319088 0.114642 0.215200 306
3 138 0.318005 0.112436 0.215200 308
3 139 0.319787 0.113921 0.215200 310
3 140 0.320145 0.113579 0.215200 313
3 141 0.318562 0.113917 0.215200 315
3 142 0.318439 0.114298 0.215200 318
3 143 0.319275 0.115143 0.215200 320
3 144 0.322674 0.111792 0.215200 322
3 145 0.322845 0.110499 0.215200 324
3 147 0.322388 0.111047 0.215200 327
3 148 0.319853 0.111341 0.215200 329
3 149 0.314180 0.113505 0.215200 331
3 150 0.313089 0.116440 0.215200 333
3 151 0.312534 0.114735 0.215200 335
3 152 0.313442 0.111232 0.215200 338
3 153 0.313591 0.118926 0.215200 341
3 154 0.313625 0.115704 0.215200 343
3 155 0.314842 0.116543 0.215200 345
3 156 0.316880 0.118598 0.215200 348
3 157 0.317849 0.107308 0.215200 350
3 158 0.316237 0.119194 0.215200 352
3 159 0.313405 0.113090 0.215200 354
3 160 0.312497 0.109964 0.215200 357
3 161 0.311645 0.110037 0.215200 359
3 162 0.314138 0.110461 0.215200 361
3 163 0.316383 0.108243 0.215200 363
3 164 0.316151 0.110741 0.219200 0
4 1 0.318923 0.112610 0.219200 2
4 2 0.320721 0.113791 0.223200 5
4 3 0.316680 0.120789 0.223200 6
4 4 0.303106 0.138965 0.223200 8
4 4 0.303106 0.159425 0.223200 10
4 5 0.282663 0.177572 0.223200 12
4 6 0.254380 0.209855 0.223200 14
4 7 0.227650 0.209855 0.223200 17
4 8 0.202857 0.235969 0.223200 19
4 9 0.179503 0.255217 0.223200 21
4 10 0.165652 0.276816 0.223200 23
4 11 0.162868 0.291681 0.223200 25
4 12 0.160864 0.305986 0.223200 28
4 13 0.161591 0.307871 0.223200 29
4 14 0.168657 0.302291 0.223200 32
4 14 0.168657 0.289212 0.223200 34
4 15 0.181345 0.266251 0.223200 36
4 16 0.197842 0.253400 0.223200 38
4 17 0.217927 0.228635 0.223200 41
4 18 0.237113 0.228635 0.223200 43
4 19 0.253411 0.206333 0.223200 45
4 20 0.262220 0.197063 0.223200 47
4 21 0.260374 0.188405 0.223200 49
4 22 0.248922 0.182292 0.223200 51
4 23 0.237077 0.178546 0.223200 53
4 24 0.232151 0.182534 0.223200 55
4 25 0.232399 0.182243 0.223200 57
4 25 0.230047 0.188135 0.223200 59
4 26 0.230047 0.197709 0.223200 61
4 27 0.228322 0.212663 0.223200 63
4 28 0.225081 0.224390 0.223200 66
4 29 0.220541 0.224390 0.223200 68
4 30 0.217590 0.235197 0.223200 70
4 31 0.215788 0.243523 0.223200 72
4 32 0.213084 0.240742 0.223200 74
4 33 0.213943 0.247385 0.223200 76
4 34 0.215144 0.244944 0.223200 79
4 35 0.217160 0.236587 0.223200 81
4 36 0.220710 0.229445 0.223200 82
4 37 0.223224 0.215212 0.223200 85
4 37 0.226134 0.210466 0.223200 87
4 38 0.226134 0.214051 0.223200 89
4 39 0.227859 0.215281 0.223200 91
4 40 0.224293 0.218653 0.223200 93
4 41 0.224819 0.218653 0.223200 96
4 42 0.226093 0.226093 0.223200 98
4 43 0.226881 0.229228 0.223200 100
4 44 0.226247 0.230075 0.223200 102
4 45 0.222417 0.234920 0.223200 104
4 46 0.215837 0.234328 0.223200 107
4 47 0.212036 0.233931 0.223200 109
4 48 0.215971 0.233029 0.223200 111
4 49 0.219215 0.225892 0.223200 113
4 50 0.222257 0.222109 0.223200 115
4 51 0.224438 0.223023 0.223200 117
4 52 0.223474 0.217530 0.223200 119
4 52 0.222902 0.211213 0.223200 121
4 53 0.222902 0.210166 0.223200 124
4 54 0.222484 0.208237 0.223200 126
4 55 0.223458 0.209429 0.223200 128
4 56 0.224619 0.214877 0.223200 130
4 57 0.228841 0.222457 0.223200 133
4 58 0.230988 0.222457 0.223200 135
4 59 0.232058 0.224570 0.223200 137
4 60 0.231670 0.225565 0.223200 139
4 61 0.230940 0.227064 0.223200 142
4 62 0.228891 0.225118 0.223200 144
4 63 0.225767 0.226910 0.223200 146
4 64 0.223353 0.229656 0.223200 148
4 65 0.221389 0.228512 0.223200 150
4 66 0.220199 0.231572 0.223200 153
4 67 0.217814 0.233226 0.223200 155
4 68 0.215954 0.228326 0.223200 157
4 69 0.214519 0.227334 0.223200 159
4 70 0.215974 0.222389 0.223200 161
4 70 0.217194 0.220403 0.223200 163
4 71 0.220651 0.219874 0.223200 165
4 72 0.220651 0.220799 0.223200 168
4 73 0.224939 0.218040 0.223200 170
4 74 0.227244 0.218340 0.223200 172
4 75 0.225986 0.220060 0.223200 174
4 76 0.223247 0.218306 0.223200 176
4 77 0.219390 0.218306 0.223200 178
4 78 0.219737 0.218703 0.223200 181
4 79 0.221124 0.221211 0.223200 183
4 80 0.223129 0.221374 0.223200 185
4 81 0.224753 0.222729 0.223200 187
4 82 0.225257 0.224415 0.223200 190
4 83 0.224240 0.222278 0.223200 192
4 84 0.222409 0.220070 0.223200 194
4 85 0.222014 0.221409 0.223200 196
4 86 0.222582 0.220140 0.223200 198
4 87 0.226097 0.222198 0.223200 200
4 88 0.229309 0.228390 0.223200 203
4 89 0.230455 0.230064 0.223200 205
4 89 0.229713 0.229787 0.223200 207
4 90 0.229713 0.229756 0.223200 209
4 91 0.228057 0.224522 0.223200 212
4 92 0.223222 0.220501 0.223200 214
4 93 0.219414 0.221322 0.223200 216
4 94 0.217848 0.219835 0.223200 218
4 95 0.218536 0.219835 0.223200 220
4 96 0.218707 0.220691 0.223200 222
4 97 0.219956 0.223911 0.223200 225
4 98 0.221405 0.223757 0.223200 227
4 99 0.221199 0.224533 0.223200 229
4 100 0.221624 0.227990 0.223200 231
4 101 0.220262 0.226823 0.223200 234
4 102 0.219138 0.226862 0.223200 236
4 103 0.221284 0.230235 0.223200 238
4 104 0.223401 0.229385 0.223200 241
4 105 0.224285 0.226234 0.223200 243
4 106 0.226887 0.221954 0.223200 245
4 107 0.227910 0.215829 0.223200 247
4 108 0.225598 0.211488 0.223200 249
4 109 0.225571 0.210656 0.223200 252
4 110 0.226420 0.212773 0.223200 254
4 111 0.226781 0.216123 0.223200 256
4 112 0.228457 0.223895 0.223200 258
4 113 0.228567 0.227120 0.223200 260
4 114 0.225527 0.230802 0.223200 263
4 115 0.224995 0.231887 0.223200 265
4 115 0.223200 0.228234 0.223200 267
4 116 0.220674 0.224211 0.223200 269
4 117 0.221482 0.226264 0.223200 272
4 118 0.223559 0.226973 0.223200 274
4 119 0.223559 0.227872 0.223200 276
4 120 0.223992 0.228606 0.223200 279
4 121 0.225604 0.224085 0.223200 281
4 122 0.224680 0.221164 0.223200 283
4 123 0.222557 0.220298 0.223200 285
4 124 0.220482 0.217645 0.223200 288
4 125 0.218340 0.218661 0.223200 290
4 126 0.217129 0.222669 0.223200 292
4 127 0.219130 0.221980 0.223200 294
4 128 0.219995 0.222669 0.223200 297
4 129 0.219671 0.222669 0.223200 299
4 130 0.220923 0.226006 0.223200 301
4 131 0.221215 0.221184 0.223200 303
4 132 0.219792 0.219037 0.223200 305
4 133 0.222773 0.220482 0.223200 308
4 134 0.223911 0.216764 0.223200 310
4 135 0.226471 0.218515 0.223200 312
4 136 0.228787 0.223591 0.223200 315
4 137 0.227848 0.222769 0.223200 317
4 138 0.226300 0.221060 0.223200 319
4 139 0.226985 0.222561 0.223200 321
4 140 0.225349 0.218924 0.223200 324
4 141 0.223494 0.219025 0.223200 326
4 142 0.224950 0.223435 0.223200 328
4 143 0.225475 0.225713 0.223200 331
4 144 0.224509 0.227403 0.223200 333
4 145 0.223632 0.231725 0.223200 335
4 146 0.220486 0.229936 0.223200 337
4 147 0.218990 0.226507 0.223200 339
4 148 0.217561 0.227369 0.223200 342
4 149 0.217860 0.224909 0.223200 344
4 150 0.218967 0.223729 0.223200 346
4 151 0.221614 0.228065 0.223200 348
4 152 0.223192 0.225903 0.223200 350
4 153 0.224411 0.226123 0.223200 353
4 153 0.223964 0.230154 0.223200 355
4 154 0.222153 0.226794 0.223200 357
4 155 0.222830 0.225590 0.223200 360
4 156 0.224397 0.227348 0.223200 362
4 157 0.224397 0.223135 0.223200 364
4 158 0.227131 0.219358 0.223200 366
4 159 0.228166 0.219800 0.223200 369
4 160 0.227781 0.215097 0.223200 371
4 161 0.221247 0.212733 0.223200 373
4 162 0.217400 0.212415 0.223200 375
4 163 0.218763 0.214828 0.223200 377
4 164 0.221504 0.216581 0.223200 380
4 165 0.224260 0.221453 0.223200 382
4 166 0.227346 0.227820 0.223200 384
4 167 0.228314 0.227820 0.223200 387
4 168 0.228369 0.226076 0.223200 389
4 169 0.228787 0.225969 0.223200 391
4 170 0.228656 0.223284 0.223200 394
4 171 0.226706 0.218398 0.223200 396
4 172 0.225466 0.219554 0.223200 398
4 173 0.222197 0.223745 0.223200 400
4 174 0.219847 0.225508 0.223200 403
4 175 0.220322 0.227855 0.223200 405
4 176 0.220015 0.232207 0.223200 407
4 177 0.217699 0.232237 0.223200 409
4 178 0.216388 0.231828 0.223200 412
4 179 0.216599 0.229970 0.223200 414
4 180 0.218792 0.223159 0.223200 416
4 181 0.223317 0.221322 0.223200 418
4 182 0.227482 0.221903 0.223200 421
4 183 0.229628 0.218468 0.223200 423
4 184 0.229045 0.217829 0.223200 425
4 185 0.224977 0.218831 0.223200 427
4 186 0.220042 0.215956 0.223200 430
4 187 0.217454 0.214314 0.223200 431
4 188 0.218056 0.218882 0.223200 434
4 189 0.218807 0.219546 0.223200 436
4 190 0.220607 0.223319 0.223200 438
4 191 0.222053 0.226395 0.223200 440
4 191 0.223240 0.224077 0.223200 443
4 192 0.220975 0.221983 0.223200 445
4 193 0.220478 0.222757 0.223200 447
4 194 0.219780 0.221659 0.223200 449
4 195 0.219780 0.222826 0.223200 452
4 196 0.220970 0.228356 0.223200 454
4 197 0.225323 0.230647 0.223200 456
4 198 0.228272 0.231879 0.223200 459
4 199 0.229432 0.232276 0.223200 461
4 200 0.231403 0.227906 0.223200 463
4 201 0.229390 0.223142 0.223200 465
4 202 0.224666 0.221938 0.227200 2
5 1 0.221918 0.221938 0.231200 4
5 2 0.221814 0.219733 0.231200 6
5 3 0.220952 0.219192 0.231200 8
5 4 0.222265 0.222265 0.231200 10
5 5 0.223446 0.222006 0.231200 12
5 6 0.223588 0.223072 0.231200 14
5 7 0.227090 0.227914 0.231200 16
5 7 0.229910 0.230107 0.231200 18
5 8 0.229910 0.234067 0.231200 21
5 9 0.234425 0.239775 0.231200 23
5 10 0.239497 0.239131 0.231200 25
5 11 0.240845 0.239131 0.231200 28
5 12 0.242569 0.238683 0.231200 30
5 13 0.239171 0.236319 0.231200 32
5 14 0.236546 0.231156 0.231200 34
5 15 0.233964 0.231290 0.231200 37
5 16 0.231750 0.234571 0.231200 39
5 17 0.230587 0.233509 0.231200 41
5 18 0.230989 0.236093 0.231200 43
5 19 0.232124 0.235618 0.231200 45
5 19 0.232124 0.234061 0.231200 48
5 20 0.232550 0.234688 0.231200 50
5 21 0.232167 0.229028 0.231200 52
5 22 0.229841 0.226607 0.231200 54
5 23 0.227756 0.226607 0.231200 56
5 24 0.228711 0.230475 0.231200 59
5 25 0.230746 0.228918 0.231200 61
5 26 0.232509 0.229409 0.231200 63
5 27 0.233814 0.231511 0.231200 65
5 28 0.230430 0.225261 0.231200 67
5 29 0.226391 0.222377 0.231200 69
5 30 0.227872 0.226064 0.231200 71
5 30 0.228654 0.226491 0.231200 74
5 31 0.228654 0.230746 0.231200 76
5 32 0.229539 0.237172 0.231200 78
5 33 0.231429 0.236274 0.231200 80
5 34 0.230670 0.236274 0.231200 83
5 35 0.228082 0.234354 0.231200 85
5 36 0.229520 0.234336 0.231200 87
5 37 0.231234 0.231659 0.231200 89
5 38 0.232473 0.230291 0.231200 92
5 39 0.234737 0.232854 0.231200 94
5 40 0.235960 0.233553 0.231200 96
5 41 0.237207 0.234868 0.231200 98
5 42 0.236737 0.235528 0.231200 100
5 43 0.232425 0.230808 0.231200 103
5 43 0.232425 0.227776 0.231200 105
5 44 0.228753 0.227708 0.231200 107
5 45 0.229135 0.227190 0.231200 109
5 46 0.229497 0.229897 0.231200 112
5 47 0.230214 0.229897 0.231200 114
5 48 0.231093 0.233654 0.231200 116
5 49 0.230940 0.232131 0.231200 118
5 50 0.232011 0.231515 0.231200 121
5 51 0.232652 0.233314 0.231200 123
5 52 0.230932 0.229906 0.231200 125
5 53 0.228613 0.229637 0.231200 128
5 54 0.229016 0.231199 0.231200 130
5 55 0.229624 0.229812 0.231200 132
5 56 0.232839 0.234067 0.231200 134
5 57 0.232198 0.231260 0.231200 136
5 58 0.230531 0.228542 0.231200 138
5 59 0.226502 0.226604 0.231200 141
5 59 0.224252 0.222773 0.231200 143
5 60 0.224252 0.222709 0.231200 145
5 61 0.225003 0.228370 0.231200 148
5 62 0.229750 0.232569 0.231200 150
5 63 0.234203 0.236238 0.231200 152
5 64 0.235787 0.240610 0.231200 155
5 65 0.235708 0.240610 0.231200 157
5 66 0.234571 0.238274 0.231200 159
5 67 0.232063 0.235961 0.231200 162
5 68 0.233672 0.236741 0.231200 164
5 69 0.232979 0.232860 0.231200 166
5 70 0.233425 0.232858 0.231200 169
5 71 0.235697 0.234954 0.231200 171
5 72 0.235089 0.231837 0.231200 173
5 73 0.231750 0.227813 0.231200 175
5 74 0.229262 0.226934 0.231200 178
5 75 0.228028 0.224974 0.231200 179
5 76 0.228028 0.225582 0.231200 182
5 77 0.230205 0.230312 0.231200 184
5 77 0.230833 0.232202 0.231200 186
5 78 0.228269 0.233061 0.231200 189
5 79 0.228269 0.233553 0.231200 191
5 80 0.228284 0.231472 0.231200 193
5 81 0.228369 0.230298 0.231200 196
5 82 0.228897 0.230265 0.231200 198
5 83 0.231502 0.228604 0.231200 200
5 84 0.232606 0.228604 0.231200 202
5 85 0.234070 0.228778 0.231200 205
5 86 0.236063 0.231802 0.231200 207
5 87 0.235422 0.232918 0.231200 209
5 88 0.232858 0.233240 0.231200 212
5 89 0.228081 0.232317 0.231200 214
5 90 0.224688 0.227332 0.231200 216
5 91 0.224358 0.228124 0.231200 218
5 92 0.225590 0.230192 0.231200 221
5 93 0.228833 0.229300 0.231200 223
5 94 0.231290 0.231286 0.231200 225
5 95 0.231552 0.231523 0.231200 227
5 96 0.229854 0.226919 0.231200 229
5 96 0.230129 0.226785 0.231200 232
5 97 0.230129 0.230372 0.231200 234
5 98 0.232482 0.231251 0.231200 236
5 99 0.234902 0.237523 0.231200 239
5 100 0.237691 0.237834 0.231200 241
5 101 0.238651 0.239344 0.231200 243
5 102 0.238393 0.241061 0.231200 246
5 103 0.237414 0.234316 0.231200 248
5 104 0.231096 0.231619 0.231200 251
5 105 0.227855 0.231619 0.231200 253
5 106 0.228398 0.234505 0.231200 255
5 107 0.229993 0.231621 0.231200 258
5 108 0.230940 0.229790 0.231200 260
5 109 0.231659 0.230639 0.231200 262
5 110 0.228778 0.229084 0.231200 264
5 111 0.225944 0.227578 0.231200 267
5 112 0.229047 0.228370 0.231200 269
5 113 0.231468 0.226840 0.231200 271
5 114 0.231437 0.225812 0.231200 274
5 115 0.233319 0.228891 0.231200 276
5 116 0.234621 0.229266 0.231200 278
5 117 0.233537 0.229381 0.231200 281
5 118 0.229109 0.233143 0.231200 283
5 119 0.224325 0.229888 0.231200 285
5 120 0.220973 0.225790 0.231200 288
5 121 0.223381 0.225821 0.231200 290
5 122 0.225545 0.225845 0.231200 292
5 123 0.227571 0.228781 0.231200 295
5 124 0.232700 0.235273 0.231200 297
5 125 0.236338 0.237131 0.231200 299
5 126 0.236108 0.237095 0.231200 301
5 127 0.234439 0.236203 0.231200 304
5 128 0.234775 0.234067 0.231200 306
5 129 0.236782 0.231989 0.231200 308
5 129 0.238112 0.233455 0.231200 311
5 130 0.237482 0.231698 0.231200 313
5 131 0.237253 0.234325 0.231200 316
5 132 0.232933 0.233465 0.231200 318
5 133 0.232933 0.230201 0.231200 320
5 134 0.228867 0.229429 0.231200 323
5 135 0.225138 0.227491 0.231200 325
5 136 0.223607 0.228124 0.231200 327
5 137 0.224982 0.232463 0.231200 330
5 138 0.228660 0.229884 0.231200 332
5 139 0.232460 0.225412 0.231200 334
5 140 0.234091 0.226184 0.231200 336
5 141 0.233311 0.221874 0.231200 339
5 142 0.231100 0.222002 0.231200 341
5 143 0.229574 0.222002 0.231200 343
5 144 0.230518 0.226914 0.231200 346
5 145 0.227964 0.230128 0.231200 348
5 146 0.225521 0.232857 0.231200 350
5 147 0.224892 0.237587 0.231200 353
5 148 0.225483 0.233069 0.231200 355
5 149 0.224555 0.234853 0.231200 357
5 150 0.225932 0.238678 0.231200 360
5 151 0.229950 0.237672 0.231200 362
5 152 0.232788 0.234474 0.231200 364
5 153 0.238951 0.238854 0.231200 367
5 154 0.237654 0.237104 0.231200 369
5 155 0.236587 0.231485 0.231200 372
5 156 0.234206 0.228952 0.231200 374
5 157 0.230660 0.228690 0.231200 376
5 158 0.228449 0.228852 0.231200 379
5 159 0.231554 0.232630 0.231200 381
5 160 0.236972 0.231394 0.231200 383
5 161 0.238875 0.231644 0.231200 386
5 162 0.240484 0.235022 0.231200 388
5 163 0.239467 0.234766 0.231200 390
5 164 0.237418 0.233165 0.231200 393
5 165 0.234734 0.233781 0.231200 395
5 166 0.234186 0.230493 0.231200 397
5 167 0.234876 0.232438 0.231200 400
5 167 0.232451 0.234055 0.231200 402
5 168 0.229296 0.228559 0.231200 404
5 169 0.227602 0.226845 0.231200 406
5 170 0.225413 0.223789 0.231200 409
5 171 0.225413 0.222621 0.231200 411
5 172 0.225232 0.228404 0.231200 413
5 173 0.226380 0.230630 0.231200 416
5 174 0.227616 0.231976 0.231200 418
5 175 0.228563 0.231838 0.231200 420
5 176 0.228072 0.227679 0.231200 423
5 177 0.224704 0.225590 0.231200 425
5 178 0.222729 0.228502 0.231200 427
5 179 0.222212 0.230064 0.231200 430
5 180 0.224354 0.233255 0.231200 432
5 181 0.227633 0.233255 0.231200 434
5 182 0.234654 0.238517 0.231200 437
5 183 0.238527 0.237391 0.231200 439
5 184 0.239263 0.235667 0.231200 442
5 185 0.240101 0.236941 0.231200 444
5 186 0.238167 0.230315 0.231200 446
5 187 0.235555 0.228927 0.231200 449
5 188 0.237210 0.232183 0.231200 451
5 189 0.237967 0.233245 0.231200 453
5 190 0.236117 0.232911 0.231200 456
5 191 0.235775 0.234793 0.231200 458
5 192 0.233955 0.234336 0.231200 461
5 1 0.230035 0.233185 0.228800 463
5 2 0.226337 0.231282 0.226400 465
5 3 0.225191 0.227115 0.226400 0
6 1 0.222433 0.225401 0.230400 2
6 2 0.222513 0.227616 0.234400 4
6 2 0.222513 0.231780 0.234400 6
6 3 0.217565 0.247404 0.234400 6
6 4 0.202508 0.272277 0.234400 8
6 5 -0.181271 0.294469 0.234400 11
6 6 0.156143 0.294469 0.234400 13
6 7 0.160684 0.330018 0.234400 16
6 8 0.166035 0.360733 0.234400 19
6 9 0.170475 0.384644 0.234400 22
6 10 0.166906 0.394033 0.234400 25
6 11 0.160359 0.404634 0.234400 27
6 12 0.146329 0.410596 0.234400 30
6 13 0.129856 0.416768 0.234400 32
6 14 0.117102 0.417830 0.234400 35
6 15 0.102108 0.412610 0.234400 37
6 16 0.091206 0.398021 0.234400 40
6 17 0.082902 0.390222 0.234400 42
6 18 0.078956 0.371651 0.234400 43
6 19 0.078956 0.357859 0.234400 46
6 19 0.073028 0.335907 0.234400 48
6 20 0.073028 0.321249 0.234400 50
6 21 0.094093 0.311176 0.234400 52
6 22 0.114515 0.307079 0.234400 54
6 23 0.125632 0.305196 0.234400 57
6 24 0.134829 0.305729 0.234400 59
6 25 0.145854 0.305256 0.234400 61
6 26 0.157526 0.310063 0.234400 63
6 27 0.159684 0.310063 0.234400 66
6 28 0.158035 0.319071 0.234400 68
6 29 0.149843 0.329202 0.234400 71
6 30 0.139035 0.342011 0.234400 73
6 31 0.124348 0.352580 0.234400 76
6 32 0.116444 0.356269 0.234400 78
6 33 0.112894 0.357211 0.234400 80
6 34 0.101587 0.351938 0.234400 82
6 35 0.109658 0.347592 0.234400 85
6 36 0.106724 0.346294 0.234400 87
6 37 0.109841 0.347328 0.234400 89
6 38 0.113810 0.349207 0.234400 92
6 39 0.118160 0.355037 0.234400 94
6 40 0.122394 0.355870 0.234400 96
6 41 0.127337 0.362090 0.234400 98
6 42 0.132947 0.365632 0.234400 101
6 42 0.136538 0.365386 0.234400 104
6 43 0.138510 0.360328 0.234400 106
6 44 0.138510 0.355333 0.234400 109
6 45 0.137561 0.346935 0.234400 111
6 46 0.136758 0.344628 0.234400 113
6 47 0.134964 0.338156 0.234400 116
6 48 0.131049 0.337581 0.234400 118
6 49 0.125430 0.332895 0.234400 120
6 50 0.121447 0.334839 0.234400 122
6 51 0.115936 0.332519 0.234400 125
6 52 0.102765 0.334612 0.234400 127
6 53 0.115483 0.331769 0.234400 130
6 54 0.109122 0.335306 0.234400 132
6 55 0.111473 0.332650 0.234400 134
6 56 0.112952 0.340181 0.234400 136
6 57 0.115864 0.338527 0.234400 139
6 58 0.121786 0.342229 0.234400 141
6 59 0.127078 0.342566 0.234400 144
6 60 0.129427 0.347245 0.234400 146
6 61 0.131648 0.349307 0.234400 149
6 62 0.131114 0.354264 0.234400 151
6 63 0.130704 0.351880 0.234400 154
6 64 0.129825 0.355547 0.234400 156
6 65 0.127494 0.352728 0.234400 159
6 66 0.126674 0.355185 0.234400 161
6 67 0.123552 0.354183 0.234400 164
6 68 0.123724 0.354869 0.234400 166
6 69 0.123575 0.354208 0.234400 168
6 70 0.124393 0.348814 0.234400 171
6 71 0.123569 0.347934 0.234400 173
6 72 0.123850 0.344193 0.234400 176
6 73 0.122734 0.342362 0.234400 178
6 74 0.123438 0.336787 0.234400 181
6 75 0.123449 0.338960 0.234400 183
6 76 0.122471 0.336708 0.234400 185
6 77 0.123015 0.339155 0.234400 187
6 78 0.122171 0.337253 0.234400 190
6 79 0.122479 0.340158 0.234400 192
6 80 0.122578 0.341190 0.234400 195
6 81 0.123491 0.344858 0.234400 197
6 82 0.123939 0.342224 0.234400 200
6 83 0.124621 0.343136 0.234400 202
6 84 0.124473 0.343136 0.234400 204
6 85 0.125131 0.340913 0.234400 207
6 86 0.123339 0.344238 0.234400 209
6 87 0.122096 0.343103 0.234400 212
6 88 0.122111 0.346365 0.234400 214
6 89 0.121127 0.344931 0.234400 217
6 90 0.120806 0.349938 0.234400 219
6 91 0.121595 0.351531 0.234400 221
6 92 0.123206 0.353221 0.234400 224
6 93 0.124678 0.352065 0.234400 226
6 94 0.126695 0.353359 0.234400 229
6 95 0.126659 0.348941 0.234400 231
6 96 0.128055 0.351112 0.234400 234
6 97 0.127705 0.348429 0.234400 236
6 98 0.127109 0.347504 0.234400 238
6 99 0.124913 0.341575 0.234400 241
6 100 0.119068 0.342366 0.234400 243
6 101 0.117253 0.338929 0.234400 246
6 102 0.116488 0.340913 0.234400 248
6 103 0.115453 0.338150 0.234400 250
6 104 0.121000 0.341445 0.234400 253
6 105 0.122450 0.339891 0.234400 255
6 106 0.124056 0.345378 0.234400 258
6 107 0.127826 0.344135 0.234400 260
6 108 0.130782 0.343598 0.234400 263
6 109 0.131237 0.345494 0.234400 266
6 110 0.132024 0.341153 0.234400 268
6 111 0.130437 0.345861 0.234400 270
6 112 0.130724 0.344906 0.234400 273
6 113 0.128896 0.349083 0.234400 275
6 114 0.126024 0.347460 0.234400 278
6 115 0.124293 0.348253 0.234400 281
6 116 0.120551 0.348873 0.234400 283
6 117 0.118291 0.350777 0.234400 285
6 118 0.116936 0.347216 0.234400 287
6 119 0.116230 0.344091 0.234400 290
6 120 0.115412 0.343517 0.234400 293
6 121 0.116618 0.341940 0.234400 295
6 122 0.119171 0.345070 0.234400 297
6 123 0.121173 0.342148 0.234400 299
6 124 0.124347 0.343155 0.234400 302
6 125 0.126640 0.341556 0.234400 305
6 127 0.128229 0.343565 0.234400 307
6 128 0.128204 0.341732 0.234400 310
6 129 0.129733 0.344095 0.234400 312
6 130 0.127805 0.341402 0.234400 314
6 131 0.123630 0.343447 0.234400 317
6 132 0.117919 0.341558 0.234400 320
6 133 0.115984 0.344653 0.234400 322
6 134 0.117993 0.340856 0.234400 325
6 135 0.120249 0.345984 0.234400 327
6 136 0.123347 0.343064 0.234400 330
6 137 0.126664 0.349616 0.234400 332
6 138 0.128699 0.349069 0.234400 335
6 139 0.130822 0.353287 0.234400 338
6 140 0.131900 0.349979 0.234400 340
6 141 0.132850 0.352763 0.234400 342
6 142 0.131420 0.351285 0.234400 345
6 143 0.129744 0.346229 0.234400 347
6 144 0.123845 0.335329 0.234400 350
6 145 0.107890 0.331538 0.234400 352
6 146 0.112355 0.330419 0.234400 354
6 147 0.107081 0.337572 0.234400 356
6 148 0.110873 0.340805 0.234400 359
6 149 0.114701 0.348801 0.234400 362
6 150 0.118009 0.351500 0.234400 364
6 151 0.124582 0.355670 0.238400 1
7 1 0.131457 0.353319 0.242400 4
7 2 0.134649 0.356696 0.242400 6
7 3 0.139262 0.351895 0.242400 9
7 4 0.140958 0.352419 0.242400 11
7 5 0.141649 0.350210 0.242400 14
7 6 0.141808 0.354331 0.242400 16
7 7 0.139021 0.355027 0.242400 18
7 8 0.136378 0.357098 0.242400 20
7 8 0.132918 0.352419 0.242400 23
7 9 0.132918 0.353494 0.242400 25
7 10 0.127400 0.359909 0.242400 27
7 11 0.121671 0.361572 0.242400 30
7 12 0.117935 0.367283 0.242400 32
7 13 0.116792 0.365569 0.242400 34
7 14 0.114497 0.365737 0.242400 37
7 15 0.114514 0.363982 0.242400 39
7 16 0.116333 0.363982 0.242400 42
7 17 0.119096 0.362545 0.242400 44
7 18 0.121607 0.352753 0.242400 47
7 19 0.126442 0.349636 0.242400 49
7 20 0.130299 0.344155 0.242400 51
7 21 0.134765 0.348980 0.242400 54
7 22 0.137813 0.346958 0.242400 56
7 23 0.136306 0.353926 0.242400 58
7 24 0.135789 0.353843 0.242400 61
7 25 0.131639 0.358557 0.242400 64
7 26 0.131355 0.359335 0.242400 66
7 27 0.131167 0.358703 0.242400 69
7 28 0.129941 0.357221 0.242400 71
7 29 0.127981 0.356340 0.242400 73
7 30 0.123228 0.359527 0.242400 76
7 31 0.122314 0.358417 0.242400 78
7 32 0.122753 0.361218 0.242400 80
7 33 0.123351 0.362517 0.242400 83
7 33 0.124896 0.364922 0.242400 85
7 34 0.125982 0.362807 0.242400 87
7 35 0.127448 0.364116 0.242400 90
7 36 0.127448 0.357376 0.242400 93
7 37 0.129562 0.359329 0.242400 95
7 38 0.131524 0.356300 0.242400 98
7 39 0.132365 0.358793 0.242400 100
7 40 0.134002 0.354193 0.242400 102
7 41 0.133139 0.352698 0.242400 105
7 42 0.132303 0.349662 0.242400 107
7 43 0.128467 0.353711 0.242400 110
7 44 0.124724 0.354497 0.242400 112
7 45 0.122104 0.351385 0.242400 115
7 46 0.121604 0.351609 0.242400 117
7 47 0.122273 0.351695 0.242400 119
7 48 0.123887 0.356093 0.242400 122
7 49 0.125991 0.353858 0.242400 125
7 50 0.129280 0.357232 0.242400 127
7 51 0.130393 0.358287 0.242400 130
7 52 0.131552 0.360670 0.242400 132
7 53 0.132338 0.361049 0.242400 135
7 54 0.133433 0.362281 0.242400 137
7 55 0.133680 0.355909 0.242400 140
7 56 0.132517 0.357407 0.242400 142
7 57 0.127341 0.354254 0.242400 145
7 58 0.121645 0.358918 0.242400 147
7 59 0.120198 0.356233 0.242400 150
7 60 0.119466 0.358844 0.242400 152
7 61 0.122221 0.357452 0.242400 155
7 62 0.123979 0.360481 0.242400 157
7 63 0.126625 0.362568 0.242400 160
7 64 0.129889 0.358396 0.242400 162
7 65 0.132996 0.358364 0.242400 165
7 66 0.134746 0.354853 0.242400 168
7 67 0.135167 0.353737 0.242400 170
7 68 0.135940 0.353090 0.242400 172
7 69 0.134957 0.356228 0.242400 175
7 70 0.132588 0.356228 0.242400 177
7 71 0.130385 0.354843 0.242400 180
7 72 0.125742 0.357542 0.242400 183
7 73 0.121482 0.356567 0.242400 185
7 74 0.120728 0.358064 0.242400 187
7 75 0.121132 0.354501 0.242400 190
7 76 0.121839 0.355762 0.242400 192
7 77 0.123287 0.354375 0.242400 195
7 78 0.124268 0.355552 0.242400 197
7 79 0.126327 0.354969 0.242400 200
7 80 0.129156 0.356434 0.242400 202
7 81 0.131443 0.356387 0.242400 205
7 82 0.133694 0.355377 0.242400 207
7 83 0.133107 0.357335 0.242400 210
7 84 0.133981 0.356603 0.242400 213
7 85 0.133150 0.359537 0.242400 215
7 86 0.129703 0.359428 0.242400 217
7 87 0.127052 0.362579 0.242400 220
7 88 0.123751 0.360397 0.242400 223
7 89 0.123216 0.361429 0.242400 225
7 90 0.123518 0.358610 0.242400 227
7 91 0.124156 0.358594 0.242400 230
7 92 0.125282 0.356929 0.242400 232
7 93 0.126900 0.360449 0.242400 235
7 94 0.127316 0.355511 0.242400 238
7 95 0.129459 0.355149 0.242400 240
7 96 0.131580 0.351485 0.242400 242
7 97 0.131788 0.351520 0.242400 245
7 98 0.133018 0.351398 0.242400 247
7 99 0.133030 0.353965 0.242400 250
7 100 0.132833 0.354655 0.242400 253
7 101 0.132236 0.352855 0.242400 255
7 102 0.128715 0.357345 0.242400 257
7 103 0.126795 0.357101 0.242400 260
7 104 0.123610 0.353090 0.242400 263
7 105 0.124076 0.353980 0.242400 265
7 106 0.122731 0.355139 0.242400 268
7 107 0.123127 0.359255 0.242400 270
7 108 0.123501 0.359872 0.242400 273
7 109 0.124714 0.362664 0.242400 276
7 110 0.125593 0.359384 0.242400 278
7 111 0.126729 0.363244 0.242400 280
7 112 0.126493 0.361418 0.242400 283
7 113 0.126779 0.362499 0.242400 286
7 114 0.128879 0.358585 0.242400 288
7 115 0.129307 0.359266 0.242400 291
7 116 0.130255 0.359517 0.242400 293
7 117 0.129889 0.354594 0.242400 296
7 119 0.131853 0.352990 0.242400 299
7 120 0.131460 0.350891 0.242400 301
7 121 0.131988 0.353906 0.242400 304
7 122 0.131936 0.351605 0.242400 306
7 123 0.130951 0.355742 0.242400 309
7 124 0.131153 0.354989 0.242400 312
7 125 0.129325 0.357330 0.242400 314
7 126 0.128022 0.356274 0.242400 317
7 127 0.127222 0.358028 0.242400 319
7 128 0.126450 0.357624 0.242400 322
7 129 0.125760 0.359872 0.242400 325
7 130 0.124544 0.358298 0.242400 327
7 131 0.123142 0.361162 0.242400 330
7 132 0.123162 0.357283 0.242400 332
7 133 0.124486 0.358293 0.242400 335
7 134 0.124921 0.356085 0.242400 337
7 135 0.126800 0.354277 0.242400 340
7 136 0.126485 0.357935 0.242400 342
7 137 0.127250 0.355823 0.242400 345
7 138 0.128440 0.358170 0.242400 348
7 139 0.128812 0.354497 0.242400 350
7 140 0.128520 0.355998 0.242400 352
7 141 0.126238 0.355984 0.242400 355
7 142 0.125179 0.355006 0.242400 358
7 143 0.126283 0.354046 0.242400 360
7 144 0.128269 0.354675 0.242400 363
7 145 0.130168 0.357971 0.242400 365
7 146 0.131594 0.354711 0.246400 2
8 1 0.131587 0.357650 0.250400 4
8 2 0.133816 0.357650 0.250400 6
8 3 0.141185 0.347831 0.250400 9
8 4 0.157488 0.335472 0.250400 11
8 5 0.177633 0.313035 0.250400 13
8 6 0.201962 0.288273 0.250400 15
8 7 0.229242 0.253186 0.250400 17
8 7 0.248631 0.223240 0.250400 20
8 8 0.248631 0.206705 0.250400 22
8 9 0.266060 0.190606 0.250400 24
8 10 0.287803 0.179232 0.250400 27
8 11 0.316495 0.179232 0.250400 29
8 12 0.338033 0.174394 0.250400 31
8 13 0.345958 0.175368 0.250400 34
8 14 0.338929 0.184886 0.250400 37
8 15 0.330750 0.205162 0.250400 40
8 16 0.318032 0.231053 0.250400 42
8 17 0.296152 0.249568 0.250400 44
8 18 0.274619 0.273562 0.250400 47
8 18 0.252134 0.284791 0.250400 49
8 19 0.252134 0.286815 0.250400 52
8 20 0.228857 0.295974 0.250400 54
8 21 0.207785 0.285847 0.250400 56
8 22 0.198439 0.285847 0.250400 59
8 23 0.198067 0.280776 0.250400 61
8 24 0.201988 0.270081 0.250400 63
8 25 0.202670 0.257548 0.250400 65
8 26 0.206837 0.253619 0.250400 68
8 27 0.216525 0.246576 0.250400 70
8 28 0.230765 0.242745 0.250400 72
8 29 0.243223 0.240118 0.250400 74
8 30 0.257213 0.235331 0.250400 77
8 30 0.257213 0.236998 0.250400 79
8 31 0.270105 0.236569 0.250400 82
8 32 0.274286 0.236871 0.250400 85
8 33 0.270826 0.244343 0.250400 87
8 34 0.265648 0.244343 0.250400 89
8 35 0.259549 0.245450 0.250400 92
8 36 0.252792 0.249348 0.250400 94
8 37 0.250973 0.254523 0.250400 97
8 38 0.252727 0.257291 0.250400 99
8 39 0.255173 0.259685 0.250400 102
8 40 0.258665 0.263494 0.250400 104
8 41 0.260767 0.259237 0.250400 106
8 42 0.261061 0.259870 0.250400 109
8 42 0.261979 0.251548 0.250400 111
8 43 0.260204 0.245635 0.250400 114
8 44 0.260204 0.241744 0.250400 116
8 45 0.258341 0.237028 0.250400 118
8 46 0.255653 0.236569 0.250400 121
8 47 0.252555 0.239043 0.250400 123
8 48 0.250009 0.241824 0.250400 126
8 49 0.247002 0.241824 0.250400 128
8 50 0.242558 0.249568 0.250400 131
8 51 0.241985 0.252541 0.250400 133
8 52 0.240495 0.256629 0.250400 136
8 53 0.239464 0.261613 0.250400 138
8 54 0.240723 0.261033 0.250400 141
8 55 0.240221 0.258853 0.250400 143
8 56 0.241315 0.258240 0.250400 146
8 57 0.244899 0.254114 0.250400 148
8 58 0.244805 0.254936 0.250400 151
8 59 0.246039 0.252129 0.250400 153
8 60 0.246881 0.249444 0.250400 155
8 61 0.247814 0.249776 0.250400 158
8 61 0.251787 0.246682 0.250400 160
8 62 0.251787 0.245437 0.250400 163
8 63 0.254344 0.245254 0.250400 165
8 64 0.255734 0.244766 0.250400 168
8 65 0.256714 0.243991 0.250400 170
8 66 0.255880 0.246353 0.250400 173
8 67 0.256267 0.246353 0.250400 175
8 68 0.259095 0.245400 0.250400 178
8 69 0.258474 0.249451 0.250400 180
8 70 0.260727 0.249249 0.250400 183
8 71 0.259295 0.249017 0.250400 185
8 72 0.256618 0.252129 0.250400 188
8 73 0.252613 0.252119 0.250400 190
8 74 0.247147 0.252232 0.250400 193
8 75 0.245902 0.254698 0.250400 195
8 76 0.244595 0.251734 0.250400 198
8 77 0.242331 0.253352 0.250400 199
8 78 0.243255 0.250181 0.250400 202
8 79 0.244116 0.250739 0.250400 205
8 79 0.241155 0.253213 0.250400 207
8 80 0.243318 0.252748 0.250400 209
8 81 0.243318 0.252345 0.250400 212
8 82 0.244666 0.254150 0.250400 214
8 83 0.247156 0.250774 0.250400 217
8 84 0.250427 0.252493 0.250400 219
8 85 0.254063 0.250901 0.250400 222
8 86 0.256837 0.250901 0.250400 224
8 87 0.255041 0.250275 0.250400 227
8 88 0.252013 0.250593 0.250400 229
8 89 0.252078 0.249182 0.250400 232
8 90 0.251119 0.248169 0.000000 -1
A> 